Date,Time,"提交虛擬記憶體 [MB]","可用虛擬記憶體 [MB]","虛擬記憶體使用率 [%]","已用物理記憶體 [MB]","可用物理記憶體 [MB]","物理記憶體使用率 [%]","分頁檔使用率 [%]","Core VIDs (avg) [V]","Core 0 VID [V]","Core 1 VID [V]","Core 2 VID [V]","Core 3 VID [V]","Core 4 VID [V]","Core 5 VID [V]","Core 6 VID [V]","Core 7 VID [V]","核心頻率 (avg) [MHz]","Core 0 頻率 (perf #4) [MHz]","Core 1 頻率 (perf #6) [MHz]","Core 2 頻率 (perf #3) [MHz]","Core 3 頻率 (perf #1) [MHz]","Core 4 頻率 (perf #7) [MHz]","Core 5 頻率 (perf #1) [MHz]","Core 6 頻率 (perf #5) [MHz]","Core 7 頻率 (perf #2) [MHz]","匯流排頻率 [MHz]","核心有效頻率 (avg) [MHz]","Core 0 T0 有效頻率 [MHz]","Core 0 T1 有效頻率 [MHz]","Core 1 T0 有效頻率 [MHz]","Core 1 T1 有效頻率 [MHz]","Core 2 T0 有效頻率 [MHz]","Core 2 T1 有效頻率 [MHz]","Core 3 T0 有效頻率 [MHz]","Core 3 T1 有效頻率 [MHz]","Core 4 T0 有效頻率 [MHz]","Core 4 T1 有效頻率 [MHz]","Core 5 T0 有效頻率 [MHz]","Core 5 T1 有效頻率 [MHz]","Core 6 T0 有效頻率 [MHz]","Core 6 T1 有效頻率 [MHz]","Core 7 T0 有效頻率 [MHz]","Core 7 T1 有效頻率 [MHz]","平均有效頻率 [MHz]","核心使用率 (avg) [%]","Core 0 T0 使用率 [%]","Core 0 T1 使用率 [%]","Core 1 T0 使用率 [%]","Core 1 T1 使用率 [%]","Core 2 T0 使用率 [%]","Core 2 T1 使用率 [%]","Core 3 T0 使用率 [%]","Core 3 T1 使用率 [%]","Core 4 T0 使用率 [%]","Core 4 T1 使用率 [%]","Core 5 T0 使用率 [%]","Core 5 T1 使用率 [%]","Core 6 T0 使用率 [%]","Core 6 T1 使用率 [%]","Core 7 T0 使用率 [%]","Core 7 T1 使用率 [%]","最大CPU/執行緒使用率 [%]","CPU 總使用率 [%]","核心使用率 (avg) [%]","Core 0 T0 使用率 [%]","Core 0 T1 使用率 [%]","Core 1 T0 使用率 [%]","Core 1 T1 使用率 [%]","Core 2 T0 使用率 [%]","Core 2 T1 使用率 [%]","Core 3 T0 使用率 [%]","Core 3 T1 使用率 [%]","Core 4 T0 使用率 [%]","Core 4 T1 使用率 [%]","Core 5 T0 使用率 [%]","Core 5 T1 使用率 [%]","Core 6 T0 使用率 [%]","Core 6 T1 使用率 [%]","Core 7 T0 使用率 [%]","Core 7 T1 使用率 [%]","CPU 總使用率 [%]","核心倍頻 (avg) [x]","Core 0 倍頻 [x]","Core 1 倍頻 [x]","Core 2 倍頻 [x]","Core 3 倍頻 [x]","Core 4 倍頻 [x]","Core 5 倍頻 [x]","Core 6 倍頻 [x]","Core 7 倍頻 [x]","Package C6 駐留率 [%]","Core C0 駐留率 (avg) [%]","Core 0 C0 駐留率 [%]","Core 1 C0 駐留率 [%]","Core 2 C0 駐留率 [%]","Core 3 C0 駐留率 [%]","Core 4 C0 駐留率 [%]","Core 5 C0 駐留率 [%]","Core 6 C0 駐留率 [%]","Core 7 C0 駐留率 [%]","Core C1 駐留率 (avg) [%]","Core 0 C1 駐留率 [%]","Core 1 C1 駐留率 [%]","Core 2 C1 駐留率 [%]","Core 3 C1 駐留率 [%]","Core 4 C1 駐留率 [%]","Core 5 C1 駐留率 [%]","Core 6 C1 駐留率 [%]","Core 7 C1 駐留率 [%]","Core C6 駐留率 (avg) [%]","Core 0 C6 駐留率 [%]","Core 1 C6 駐留率 [%]","Core 2 C6 駐留率 [%]","Core 3 C6 駐留率 [%]","Core 4 C6 駐留率 [%]","Core 5 C6 駐留率 [%]","Core 6 C6 駐留率 [%]","Core 7 C6 駐留率 [%]","記憶體頻率 [MHz]","記憶體倍頻 [x]","Tcas [T]","Trcd [T]","Trp [T]","Tras [T]","Trc [T]","Trfc [T]","Command Rate [T]","CPU (Tctl/Tdie) [℃]","CPU 核心 [℃]","CPU SOC [℃]","APU GFX [℃]","核心溫度 (avg) [℃]","Core0 [℃]","Core1 [℃]","Core2 [℃]","Core3 [℃]","Core4 [℃]","Core5 [℃]","Core6 [℃]","Core7 [℃]","L3 快取 [℃]","CPU VDDCR_VDD 電壓 (SVI3 TFN) [V]","CPU VDDCR_SOC 電壓 (SVI3 TFN) [V]","CPU VDDCR_SR 電壓 (SVI3 TFN) [V]","CPU 核心電流 (SVI3 TFN) [A]","SoC 電流 (SVI3 TFN) [A]","CPU TDC [A]","CPU EDC [A]","SR 電流 (SVI3 TFN) [A]","CPU 封裝功率 [W]","核心功率 (avg) [W]","Core 0 功率 [W]","Core 1 功率 [W]","Core 2 功率 [W]","Core 3 功率 [W]","Core 4 功率 [W]","Core 5 功率 [W]","Core 6 功率 [W]","Core 7 功率 [W]","CPU 核心功率 (SVI3 TFN) [W]","CPU SoC 功率 (SVI3 TFN) [W]","Core+SoC+SR 功率 (SVI3 TFN) [W]","APU STAPM [W]","系統總功率 [W]","Infinity Fabric 頻率 (FCLK) [MHz]","記憶體控制器頻率 (UCLK) [MHz]","L3 快取 [MHz]","頻率限制 - 全局 [MHz]","CPU TDC 限制 [%]","CPU EDC 限制 [%]","CPU PPT FAST Limit [%]","CPU PPT SLOW Limit [%]","APU STAPM Limit [%]","Thermal Limit [%]","Energy Performance Preference [%]","過熱降頻 (HTC) [Yes/No]","過熱降頻 (PROCHOT CPU) [Yes/No]","過熱降頻 (PROCHOT EXT) [Yes/No]","DRAM 讀取頻寬 [GB/s]","DRAM 寫入頻寬 [GB/s]","活動核心的平均數 []","CPU [RPM]","GPU [RPM]","SPD Hub 溫度 [℃]","VDD (SWA) 電壓 [V]","VDDQ (SWB) 電壓 [V]","VPP (SWC) 電壓 [V]","1.8V VOUT 電壓 [V]","1.0V VOUT 電壓 [V]","VIN 電壓 [V]","PMIC 高溫 [Yes/No]","PMIC 過壓 [Yes/No]","PMIC 欠壓 [Yes/No]","磁碟溫度 [℃]","磁碟溫度 2 [℃]","磁碟溫度 3 [℃]","磁碟剩餘壽命 [%]","磁碟可用備用 [%]","磁碟故障 [Yes/No]","磁碟警告 [Yes/No]","主機寫入總計 [GB]","主機讀取總計 [GB]","讀取活動率 [%]","寫入活動率 [%]","總活動率 [%]","讀取速率 [MB/s]","寫入速率 [MB/s]","讀取總計 [MB]","寫入總計 [MB]","GPU 溫度 [℃]","顯示記憶體頻率 [MHz]","GPU 使用率 [%]","PCIe 連結速度 [GT/s]","影格率 [FPS]","GPU 溫度 [℃]","顯示記憶體接面溫度 [℃]","GPU 熱點溫度 [℃]","GPU 過熱限制 [℃]","GPU 核心電壓 [V]","GPU 線路電壓 (avg) [V]","GPU FBVDD 輸入電壓 [V]","GPU 12VHPWR 電壓 [V]","GPU 功率 [W]","GPU 線路功率 (avg) [W]","GPU Core (NVVDD) 輸入功率 (總和) [W]","GPU FBVDD 輸入功率 [W]","GPU 12VHPWR 功率 [W]","GPU PCIe +3.3V 輸入功率 (估計) [W]","GPU 輸入 PP 源 功率 (總和) [W]","GPU Core (NVVDD) 輸出功率 [W]","GPU Core (NVVDD) 輸出功率 [W]","GPU 頻率 [MHz]","顯示記憶體頻率 [MHz]","GPU 視訊頻率 [MHz]","GPU 有效頻率 [MHz]","GPU Crossbar 頻率 [MHz]","GPU 核心使用率 [%]","顯示記憶體控制器使用率 [%]","GPU 視訊引擎使用率 [%]","GPU 匯流排使用率 [%]","顯示記憶體使用 [%]","GPU D3D 使用率 (avg) [%]","GPU D3D 使用率 [%]","GPU Video Decode 0 使用率 [%]","GPU Video Encode 0 使用率 [%]","GPU Video Encode 1 使用率 [%]","GPU VR 使用率 [%]","GPU 效能限制 (avg) [Yes/No]","效能限制 - 功率 [Yes/No]","效能限制 - 過熱 [Yes/No]","效能限制 - 可靠性電壓 [Yes/No]","效能限制 - 最大作業電壓 [Yes/No]","效能限制 - 使用率 [Yes/No]","效能限制 - SLI GPUBoost Sync [Yes/No]","PCI Express Error Counters (avg) []","Receiver Errors []","Replay Count []","Replay Rollover Count []","Bad DLLP Count []","Bad TLP Count []","LCRC Error Count []","NAKs Sent Count []","NAKs Received Count []","Recovery Count []","Correctable Error Count []","Non-Fatal Error Count []","Fatal Error Count []","Unsupported Request Count []","PCIe Lane 0 Errors []","PCIe Lane 1 Errors []","PCIe Lane 2 Errors []","PCIe Lane 3 Errors []","PCIe Lane 4 Errors []","PCIe Lane 5 Errors []","PCIe Lane 6 Errors []","PCIe Lane 7 Errors []","PCIe Lane 8 Errors []","PCIe Lane 9 Errors []","PCIe Lane 10 Errors []","PCIe Lane 11 Errors []","PCIe Lane 12 Errors []","PCIe Lane 13 Errors []","PCIe Lane 14 Errors []","PCIe Lane 15 Errors []","可用顯示記憶體 [MB]","分配顯示記憶體 [MB]","GPU D3D 專用顯示記憶體 [MB]","GPU D3D 共用顯示記憶體 [MB]","PCIe 連結速度 [GT/s]","電池電壓 [V]","剩餘容量 [Wh]","電池電量 [%]","充電速率 [W]","損耗程度 [%]","影格率 [FPS]","1% 低影格率 [FPS]","0.1% 低影格率 [FPS]","影格時間 [ms]","呈現影格率 (avg) [FPS]","呈現影格率 (99%) [FPS]","呈現影格率 (1%) [FPS]","呈現影格率 (0.1%) [FPS]","呈現影格率 (1% low) [FPS]","呈現影格率 (0.1% low) [FPS]","顯示影格率 (avg) [FPS]","顯示影格率 (99%) [FPS]","顯示影格率 (1%) [FPS]","顯示影格率 (0.1%) [FPS]","顯示影格率 (1% low) [FPS]","顯示影格率 (0.1% low) [FPS]","Frame Time Presented (avg) [ms]","Frame Time Presented (99%) [ms]","Frame Time Presented (1%) [ms]","Frame Time Presented (0.1%) [ms]","Frame Time Displayed (1% high) [ms]","Frame Time Displayed (0.1% high) [ms]","GPU Busy (avg) [ms]","GPU Wait (avg) [ms]","CPU Busy (avg) [ms]","CPU Wait (avg) [ms]","Animation Error (avg) [ms]","下載總計 [MB]","上傳總計 [MB]","目前下載速率 [KB/s]","目前上傳速率 [KB/s]","錯誤總數 []",
24.2.2026,9:21:51.859,22453,11557,66.0,14550,17412,45.5,7.5,1.027,0.970,1.035,1.035,1.035,1.035,1.035,1.035,1.035,3589.8,3967.8,3413.8,3413.8,4267.3,3413.8,3413.8,3413.8,3413.8,99.8,673.7,1036.5,499.9,182.6,197.1,374.1,615.5,1138.9,1388.2,199.6,211.7,873.5,1970.6,274.0,366.7,595.8,854.8,673.7,15.9,17.5,13.2,4.2,5.4,9.8,15.4,27.3,33.4,5.4,5.0,20.6,46.9,6.5,9.5,14.2,20.8,46.9,15.9,15.9,16.6,12.0,4.3,4.6,8.9,15.0,28.2,34.1,4.7,5.0,21.4,48.6,6.5,8.7,14.2,20.6,15.9,36.0,39.8,34.2,34.2,42.8,34.2,34.2,34.2,34.2,0.0,28.6,25.4,7.0,21.8,57.4,7.8,64.3,13.0,31.9,53.1,74.6,20.4,77.3,41.9,31.5,35.2,75.5,68.1,18.4,0.0,72.8,0.9,0.6,60.9,0.5,11.6,0.0,2286.4,22.91,40,39,39,77,116,384,1,95.5,95.0,84.4,84.6,87.8,88.4,88.0,87.8,94.8,84.9,92.0,83.6,83.0,90.1,1.049,1.059,0.650,10.681,4.834,10.708,86.693,0.259,21.250,1.849,1.782,0.565,1.694,3.226,0.723,3.466,1.301,2.033,11.300,5.179,16.648,20.618,0.000,1511.2,2247.4,4205.8,4279.2,15.3,61.9,26.6,31.6,58.9,100.0,8,�_,�_,�_,5.467,1.448,2.3,5300,5700,68.8,1.110,1.110,1.800,1.800,1.005,5.180,�_,�_,�_,62,62,54,99.0,100.0,�_,�_,9544,8054,0.5,1.0,1.5,0.040,0.055,143452,116457,84.3,2133.2,0.0,16.0,0.0,85.2,90.0,91.9,86.0,0.710,19.975,19.956,19.994,92.386,43.511,71.004,16.544,87.875,6.201,22.731,64.198,36.028,1575.0,1750.2,1515.0,1678.6,1575.0,99.0,22.0,0.0,7.0,54.0,19.0,94.8,0.0,0.0,0.0,0.0,�O,�_,�O,�_,�_,�_,�_,0,0,0,0,0,0,0,0,0,0,0,0,0,0,0,0,0,0,0,0,0,0,0,0,0,0,0,0,0,0,5646,6636,6358,415,16.0,16.988,60.093,84.0,0.000,5.9,46,8,1,20.9,46.1,50.5,41.0,40.4,40.4,40.4,46.2,50.4,37.8,36.3,36.1,36.1,21.70,24.37,19.83,19.69,24.77,24.77,21.71,0.01,21.42,0.29,1.11,62,6,0.0,0.0,0,
24.2.2026,9:21:53.857,22496,11514,66.1,14583,17379,45.6,7.5,0.951,0.955,0.950,0.950,0.950,0.950,0.950,0.950,0.950,3899.2,3942.9,3893.0,3893.0,3893.0,3893.0,3893.0,3893.0,3893.0,99.8,638.1,971.0,464.5,149.8,175.5,377.6,521.3,776.8,1563.2,214.7,243.5,772.4,2057.2,277.1,350.0,497.4,797.8,638.1,15.3,17.3,11.9,3.9,4.6,9.7,13.5,18.6,38.0,5.6,6.3,18.5,49.0,7.0,9.0,12.1,19.8,49.0,15.3,15.1,16.1,11.2,3.5,4.1,9.1,12.7,18.9,38.6,5.1,5.9,19.0,50.9,6.5,8.5,11.8,19.3,15.1,39.1,39.5,39.0,39.0,39.0,39.0,39.0,39.0,39.0,0.0,26.5,23.4,5.7,18.6,51.8,8.8,63.3,12.5,27.7,49.3,76.6,13.6,79.9,47.2,16.7,36.1,52.3,72.3,24.3,0.0,80.9,1.5,1.0,74.8,0.6,35.4,0.0,2185.1,21.89,40,39,39,77,116,384,1,95.5,95.0,84.3,84.5,87.6,88.1,87.7,87.5,94.6,84.5,92.4,83.2,83.0,90.0,1.065,1.030,0.650,10.345,4.626,10.251,89.079,0.259,20.736,1.795,1.751,0.476,1.661,3.005,0.652,3.761,1.146,1.910,11.148,4.882,16.198,20.620,0.000,1431.7,2109.9,4248.6,4330.5,14.6,63.6,25.9,31.7,58.9,100.0,0,�_,�_,�_,5.147,1.463,2.1,5300,5700,68.8,1.110,1.110,1.800,1.800,1.005,5.180,�_,�_,�_,62,62,54,99.0,100.0,�_,�_,9544,8054,0.5,0.5,1.0,0.032,0.077,143452,116458,84.6,2290.5,0.0,16.0,0.0,85.7,90.0,92.5,86.0,0.725,19.986,19.969,20.003,89.104,42.239,66.530,16.354,83.174,6.201,22.538,56.114,44.765,1635.0,1750.2,1605.0,1629.3,1620.0,99.0,22.0,0.0,7.0,54.0,19.6,97.9,0.0,0.0,0.0,0.0,�O,�_,�O,�_,�_,�_,�_,0,0,0,0,0,0,0,0,0,0,0,0,0,0,0,0,0,0,0,0,0,0,0,0,0,0,0,0,0,0,5651,6631,6353,415,16.0,16.986,60.093,84.0,0.000,5.9,46,8,1,21.7,46.0,51.8,40.4,40.2,40.2,40.2,45.9,48.0,38.2,35.9,35.6,35.6,21.74,24.58,19.29,19.17,24.58,24.58,21.73,0.01,21.45,0.29,1.13,62,6,0.0,0.0,0,
24.2.2026,9:21:55.868,22494,11516,66.1,14595,17367,45.6,7.5,1.023,0.970,0.970,0.970,1.055,1.055,1.055,1.055,1.055,3829.3,3174.3,3573.6,3573.6,3693.3,3693.3,4616.7,3693.3,4616.7,99.8,687.1,1019.2,510.6,216.3,224.8,423.2,582.7,1146.9,1497.6,246.0,324.8,859.0,1963.5,271.1,338.2,586.1,783.8,687.1,16.8,17.5,13.2,5.0,5.9,10.9,15.1,28.7,37.5,6.5,8.5,21.2,47.9,7.0,8.7,14.7,19.7,47.9,16.8,16.2,16.3,12.4,5.2,5.3,10.2,14.2,28.2,37.1,5.9,7.9,21.1,48.6,6.4,8.0,14.0,19.0,16.2,38.4,31.8,35.8,35.8,37.0,37.0,46.2,37.0,46.2,0.0,29.2,24.7,8.3,21.9,60.7,11.2,64.6,12.0,30.1,52.5,75.3,22.0,77.1,38.7,26.6,34.8,75.8,69.9,18.4,0.0,70.0,1.0,0.5,62.5,0.6,12.3,0.0,2260.8,22.65,40,39,39,77,116,384,1,95.5,95.0,84.1,84.6,87.6,88.0,87.9,87.5,94.7,84.9,91.7,83.4,82.8,89.7,1.031,1.052,0.650,10.537,4.774,10.607,84.198,0.260,20.827,1.828,1.697,0.615,1.614,3.324,0.802,3.542,1.187,1.844,10.973,5.097,16.239,20.622,0.000,1491.1,2212.6,4136.0,4208.4,15.2,60.1,26.0,31.9,58.9,100.0,13,�_,�_,�_,5.319,1.431,2.3,5400,5700,69.0,1.110,1.110,1.800,1.800,1.005,5.180,�_,�_,�_,62,62,54,99.0,100.0,�_,�_,9544,8054,0.0,2.0,2.0,0.016,0.919,143452,116459,84.5,2189.1,0.0,16.0,0.0,84.9,90.0,92.1,86.0,0.710,20.012,19.996,20.029,87.887,36.038,63.066,16.357,79.694,6.201,22.551,21.601,42.796,1590.0,1750.2,1545.0,1622.3,1560.0,99.0,21.0,0.0,7.0,54.0,19.4,97.1,0.0,0.0,0.0,0.0,�O,�_,�O,�_,�_,�_,�_,0,0,0,0,0,0,0,0,0,0,0,0,0,0,0,0,0,0,0,0,0,0,0,0,0,0,0,0,0,0,5651,6631,6353,415,16.0,16.988,60.093,84.0,0.000,5.9,46,8,1,20.7,45.9,50.3,40.4,39.8,39.7,39.7,46.0,47.6,43.1,42.8,42.8,42.8,21.80,24.77,19.87,19.57,25.20,25.20,21.74,0.01,21.56,0.24,0.77,62,6,0.1,0.0,0,
24.2.2026,9:21:57.898,22488,11522,66.1,14587,17375,45.6,7.5,1.129,1.045,1.145,1.145,1.145,1.145,1.135,1.135,1.135,3649.7,3354.0,3573.6,3573.6,3573.6,3573.6,4442.0,3553.6,3553.6,99.8,584.4,873.9,349.3,149.9,144.8,387.6,444.8,1077.9,1100.1,235.2,218.9,917.3,1809.8,233.8,244.6,537.5,625.3,584.4,13.9,17.2,9.2,4.1,3.2,10.1,11.6,26.2,26.4,5.5,5.1,21.7,42.1,6.2,5.8,13.3,15.5,42.1,13.9,13.9,16.0,8.5,3.5,3.4,9.4,10.8,26.4,27.1,5.7,5.3,22.5,44.8,5.6,5.8,12.7,15.1,13.9,36.6,33.6,35.8,35.8,35.8,35.8,44.5,35.6,35.6,0.0,24.2,20.8,4.9,17.3,48.2,8.9,60.0,9.2,24.5,47.7,79.2,7.6,81.4,50.6,9.1,38.7,39.7,75.5,28.2,0.0,87.9,1.3,1.3,82.3,1.3,51.4,0.0,2150.7,21.55,40,39,39,77,116,384,1,95.5,95.0,84.0,84.2,87.5,88.1,87.5,87.5,94.6,84.3,92.3,82.9,82.8,90.1,1.078,1.020,0.650,9.981,4.530,10.002,90.708,0.261,20.358,1.734,1.716,0.398,1.630,3.027,0.683,3.744,0.873,1.804,10.921,4.749,15.840,20.623,0.000,1404.6,2063.2,4294.4,4377.8,14.3,64.8,25.4,31.8,58.9,100.0,20,�_,�_,�_,4.801,1.401,1.9,5300,5700,69.0,1.110,1.110,1.800,1.800,1.005,5.180,�_,�_,�_,62,62,54,99.0,100.0,�_,�_,9544,8054,0.0,0.6,0.6,0.000,0.604,143452,116461,84.6,2264.8,0.0,16.0,0.0,85.8,90.0,93.0,86.0,0.725,19.970,19.949,19.990,95.037,46.401,73.631,16.538,90.534,6.201,22.723,65.276,49.903,1650.0,1750.2,1605.0,1676.3,1620.0,99.0,23.0,0.0,7.0,54.0,19.7,98.6,0.0,0.0,0.0,0.0,�O,�_,�O,�_,�_,�_,�_,0,0,0,0,0,0,0,0,0,0,0,0,0,0,0,0,0,0,0,0,0,0,0,0,0,0,0,0,0,0,5651,6631,6353,415,16.0,16.987,60.093,84.0,0.000,5.9,48,8,1,21.5,48.3,52.7,44.5,43.7,43.7,43.7,48.2,49.3,46.8,46.8,46.8,46.8,20.70,22.45,18.91,18.89,22.83,22.83,20.73,0.01,20.45,0.25,0.70,62,6,0.0,0.1,0,
24.2.2026,9:21:59.898,22461,11549,66.0,14566,17396,45.5,7.5,1.106,1.070,1.100,1.100,1.100,1.120,1.120,1.120,1.120,3995.9,3473.7,3573.6,3573.6,4466.9,4442.0,4442.0,4442.0,3553.6,99.8,567.0,853.9,302.8,151.0,140.3,412.9,398.9,1472.7,974.0,195.8,199.9,1140.8,1267.7,175.2,259.2,576.3,550.2,567.0,13.8,17.4,7.8,4.6,4.4,10.4,10.3,34.9,23.1,5.7,5.9,27.2,30.2,4.5,7.2,14.1,13.3,34.9,13.8,13.5,16.4,7.3,3.6,3.3,10.0,9.7,36.4,23.9,4.6,4.8,28.3,31.1,4.1,6.1,13.8,13.1,13.5,40.0,34.8,35.8,35.8,44.8,44.5,44.5,44.5,35.6,0.0,23.5,20.2,4.8,16.9,54.1,7.4,53.1,8.0,23.7,48.8,79.8,7.3,81.6,44.0,14.4,46.1,40.7,76.3,27.8,0.0,88.1,1.5,1.9,78.5,0.8,51.6,0.0,2133.3,21.37,40,39,39,77,116,384,1,95.5,95.0,83.9,84.3,87.3,87.9,87.5,87.2,94.7,84.2,91.5,82.8,82.7,89.9,1.074,1.014,0.650,9.773,4.495,9.765,90.107,0.262,20.038,1.688,1.665,0.383,1.591,3.366,0.615,3.273,0.837,1.777,10.664,4.702,15.536,20.616,0.000,1391.0,2039.6,4287.4,4370.3,13.9,64.4,25.1,31.5,58.9,100.0,20,�_,�_,�_,4.741,1.383,1.9,5300,5700,69.0,1.110,1.110,1.800,1.800,1.005,5.180,�_,�_,�_,62,62,54,99.0,100.0,�_,�_,9544,8054,0.0,1.1,1.1,0.000,0.079,143452,116461,84.2,2154.6,0.0,16.0,0.0,85.5,90.0,92.5,86.0,0.720,20.002,19.985,20.019,89.962,40.577,65.406,16.448,82.160,6.201,22.641,45.567,45.618,1635.0,1750.2,1605.0,1637.7,1605.0,99.0,22.0,0.0,7.0,54.0,19.6,97.8,0.0,0.0,0.0,0.0,�O,�_,�O,�_,�_,�_,�_,0,0,0,0,0,0,0,0,0,0,0,0,0,0,0,0,0,0,0,0,0,0,0,0,0,0,0,0,0,0,5651,6631,6353,415,16.0,16.987,60.093,84.0,0.000,5.9,47,8,1,21.8,47.1,51.3,43.6,43.3,43.2,43.2,47.2,48.1,45.0,44.3,44.3,44.3,21.21,22.96,19.50,19.22,23.13,23.13,21.18,0.01,20.97,0.24,0.65,62,6,0.0,0.0,0,
24.2.2026,9:22:1.903,22462,11548,66.0,14567,17395,45.5,7.5,1.082,0.990,1.095,1.095,1.095,1.095,1.095,1.095,1.095,3810.6,3254.1,3513.7,4392.1,3513.7,3513.7,4392.1,3513.7,4392.1,99.8,621.2,924.3,358.6,194.9,199.5,461.5,487.0,1704.8,909.0,214.4,202.5,1455.8,1019.6,226.2,308.5,636.3,635.6,621.2,15.0,18.5,9.4,4.6,4.7,12.1,12.7,41.2,22.2,5.8,4.7,35.1,24.2,5.9,8.2,15.2,15.7,41.2,15.0,14.8,17.1,8.6,4.6,4.7,11.2,11.9,42.2,22.4,5.1,4.8,36.0,24.9,5.3,7.5,15.3,15.2,14.8,38.2,32.6,35.2,44.0,35.2,35.2,44.0,35.2,44.0,0.0,26.1,22.3,7.2,20.3,58.8,8.0,54.9,10.5,26.8,52.6,77.7,23.2,79.2,40.0,22.3,44.2,61.2,73.2,21.4,0.0,69.9,0.6,1.3,70.1,0.9,28.5,0.0,2244.8,22.49,40,39,39,77,116,384,1,95.5,95.0,84.2,84.6,87.4,87.8,88.0,87.3,94.8,84.3,91.0,83.0,82.6,89.8,1.051,1.047,0.650,10.145,4.748,10.109,86.517,0.264,20.602,1.714,1.650,0.581,1.572,3.407,0.627,3.058,1.036,1.779,10.784,5.055,16.010,20.612,0.000,1478.6,2191.0,4217.5,4288.9,14.4,61.8,25.7,31.4,58.9,100.0,20,�_,�_,�_,5.415,1.561,2.1,5300,5700,68.8,1.110,1.110,1.800,1.800,1.005,5.110,�_,�_,�_,62,62,54,99.0,100.0,�_,�_,9544,8054,0.4,0.5,0.9,0.008,0.028,143452,116461,84.3,2137.1,0.0,16.0,0.0,85.4,90.0,92.2,86.0,0.745,19.979,19.963,19.995,90.057,32.409,67.852,16.569,84.760,6.201,22.751,28.730,0.000,1710.0,1750.2,1695.0,1633.7,1680.0,99.0,22.0,0.0,8.0,54.0,19.6,98.2,0.0,0.0,0.0,0.0,�O,�_,�O,�_,�_,�_,�_,0,0,0,0,0,0,0,0,0,0,0,0,0,0,0,0,0,0,0,0,0,0,0,0,0,0,0,0,0,0,5651,6631,6353,407,16.0,16.987,60.093,84.0,0.000,5.9,46,8,1,21.5,46.1,49.4,42.7,42.5,42.5,42.5,46.1,47.8,43.7,43.6,43.6,43.6,21.69,23.43,20.20,20.12,23.56,23.56,21.69,0.01,21.45,0.24,0.73,62,6,0.0,0.0,0,
24.2.2026,9:22:3.914,22981,11029,67.5,14813,17150,46.3,7.5,0.989,1.025,1.010,1.005,0.975,0.975,0.975,0.975,0.975,3437.6,3314.0,3274.1,4142.5,3992.8,3194.2,3194.2,3194.2,3194.2,99.8,937.3,1370.4,675.1,490.6,453.5,947.2,690.0,2258.0,1137.6,444.1,441.8,1678.9,1293.6,531.9,568.1,1101.3,914.1,937.3,23.0,26.1,16.6,12.7,11.6,23.8,17.0,57.3,28.4,10.6,11.4,42.4,32.8,12.7,13.8,27.9,22.8,57.3,23.0,21.7,24.2,15.5,11.1,10.2,22.3,16.1,55.4,27.5,9.8,9.9,41.2,31.2,11.8,12.8,26.1,21.8,21.7,34.4,33.2,32.8,41.5,40.0,32.0,32.0,32.0,32.0,0.0,38.5,34.8,18.7,34.0,74.7,18.1,64.0,21.7,41.9,52.8,65.2,45.1,65.9,25.0,51.0,35.9,76.3,58.1,8.8,0.0,36.4,0.0,0.3,31.2,0.1,2.0,0.0,2354.7,23.59,40,39,39,77,116,384,1,95.5,95.0,84.6,85.1,87.9,88.3,88.9,88.2,94.9,85.6,90.6,83.7,82.8,89.4,0.968,1.077,0.650,11.498,5.197,11.475,74.890,0.266,21.730,1.806,1.668,1.013,1.672,3.265,1.010,2.696,1.283,1.838,11.174,5.630,16.977,20.619,0.000,1581.5,2340.0,3933.4,3969.5,16.4,53.5,27.2,31.9,58.9,100.0,20,�_,�_,�_,8.380,2.561,3.1,5300,5700,69.0,1.095,1.110,1.800,1.800,1.005,5.110,�_,�_,�_,62,62,54,99.0,100.0,�_,�_,9544,8054,0.0,0.5,0.5,0.000,0.032,143452,116461,84.6,2248.9,0.0,16.0,0.0,85.4,90.0,92.2,86.0,0.700,19.986,19.962,20.009,103.422,33.364,64.421,16.210,80.996,6.201,22.414,7.027,36.283,1665.0,1750.2,1635.0,1811.1,1635.0,99.0,21.0,0.0,25.0,56.2,19.5,97.4,0.0,0.0,0.0,0.0,�O,�_,�O,�_,�_,�_,�_,0,0,0,0,0,0,0,0,0,0,0,0,0,0,0,0,0,0,0,0,0,0,0,0,0,0,0,0,0,0,5383,6899,6622,559,16.0,16.988,60.093,84.0,0.000,5.9,43,8,1,22.0,42.6,54.4,31.8,29.9,29.8,29.8,42.4,46.8,35.8,34.7,34.6,34.6,23.48,31.59,18.38,18.01,33.71,33.71,23.59,0.01,23.20,0.28,2.19,62,6,0.0,0.0,0,
24.2.2026,9:22:5.909,23041,10970,67.7,14801,17162,46.3,7.5,1.006,0.975,1.000,1.000,1.000,1.000,1.025,1.025,1.025,3495.6,4367.1,3354.0,3354.0,3354.0,3354.0,3393.9,3393.9,3393.9,99.8,734.8,1138.6,504.8,275.0,248.0,604.0,558.1,1813.4,1158.3,239.7,299.1,1310.7,1348.5,343.8,386.6,759.8,769.1,734.8,18.0,22.2,13.3,6.8,6.1,16.1,14.0,45.2,28.7,5.8,7.5,32.3,33.2,8.4,9.6,19.4,19.4,45.2,18.0,17.4,20.4,12.2,6.6,5.9,14.7,13.6,45.2,28.4,5.6,7.2,32.2,33.0,8.1,9.2,18.4,18.5,17.4,35.0,43.8,33.6,33.6,33.6,33.6,34.0,34.0,34.0,0.0,31.0,28.4,10.4,24.8,67.2,11.0,58.8,14.8,32.4,59.6,71.6,48.8,75.2,32.5,55.7,40.8,84.8,67.6,9.5,0.0,41.2,0.0,0.3,33.6,0.3,0.4,0.0,2394.0,23.98,40,39,39,77,116,384,1,95.5,95.0,84.6,85.2,87.8,88.3,88.7,87.9,94.9,85.4,90.7,83.6,82.6,89.8,1.008,1.088,0.650,11.000,5.130,11.023,79.753,0.266,21.609,1.803,1.711,0.872,1.574,3.377,0.989,2.879,1.263,1.758,11.150,5.583,16.906,20.629,0.000,1595.8,2393.4,4087.5,4133.4,15.7,57.0,27.0,32.4,58.9,100.0,20,�_,�_,�_,6.650,1.958,2.5,5300,5700,69.0,1.095,1.110,1.800,1.800,1.005,5.110,�_,�_,�_,62,62,55,99.0,100.0,�_,�_,9544,8054,0.0,2.0,2.0,0.000,0.128,143452,116461,85.1,2358.9,0.0,16.0,0.0,85.7,90.0,92.9,86.0,0.725,19.964,19.945,19.984,87.009,41.493,70.726,16.973,88.089,6.201,23.154,36.396,48.915,1680.0,1750.2,1665.0,1656.6,1620.0,99.0,23.0,0.0,8.0,56.6,19.6,98.2,0.0,0.0,0.0,0.0,�O,�_,�O,�_,�_,�_,�_,0,0,0,0,0,0,0,0,0,0,0,0,0,0,0,0,0,0,0,0,0,0,0,0,0,0,0,0,0,0,5331,6951,6674,431,16.0,16.987,60.093,84.0,0.000,5.9,45,8,1,23.7,45.1,47.8,41.3,40.9,40.8,40.8,44.9,46.7,42.5,42.4,42.4,42.4,22.19,24.27,20.91,20.88,24.48,24.48,22.28,0.01,21.95,0.24,0.58,62,6,0.0,0.0,0,
24.2.2026,9:22:7.912,23080,10930,67.8,14800,17162,46.3,7.5,0.924,0.925,0.935,0.935,0.920,0.920,0.920,0.920,0.920,3749.5,3768.2,3718.3,3718.3,3668.4,3668.4,3818.1,3818.1,3818.1,99.8,832.4,1201.8,563.2,310.9,317.9,676.8,714.3,1318.6,1910.5,653.3,330.9,1251.1,1535.3,402.9,404.8,855.1,871.7,832.4,20.9,22.9,14.8,8.4,8.5,17.7,18.7,33.4,47.9,17.9,8.9,31.3,38.1,11.4,10.8,22.0,21.7,47.9,20.9,19.9,21.7,13.6,7.5,7.6,16.4,17.5,32.4,47.5,16.1,8.0,30.5,37.9,9.7,9.7,20.7,21.2,19.9,37.6,37.8,37.2,37.2,36.8,36.8,38.2,38.2,38.2,0.0,35.1,30.0,12.3,29.3,72.7,22.4,61.5,16.0,36.3,57.0,70.0,56.5,70.6,27.0,47.9,38.3,82.0,63.7,8.0,0.0,31.6,0.2,0.3,30.0,0.2,2.0,0.0,2389.0,23.93,40,39,39,77,116,384,1,95.4,95.0,84.7,85.2,87.9,88.3,88.8,88.2,95.0,86.0,90.5,83.7,82.6,89.7,0.984,1.087,0.650,11.333,5.154,11.293,76.872,0.268,21.698,1.844,1.647,0.945,1.644,3.375,1.408,2.761,1.209,1.765,11.188,5.606,16.968,20.639,0.000,1591.9,2386.6,3999.7,4039.3,16.1,54.9,27.1,32.7,59.0,100.0,20,�_,�_,�_,7.365,2.141,2.8,5400,5700,68.8,1.095,1.110,1.800,1.800,1.005,5.110,�_,�_,�_,62,62,54,99.0,100.0,�_,�_,9544,8054,0.0,0.5,0.5,0.000,0.014,143452,116461,85.2,2398.3,0.0,16.0,0.0,84.9,90.0,91.4,86.0,0.770,19.999,19.982,20.017,93.057,41.427,65.656,16.206,82.248,6.201,22.388,49.473,47.814,1785.0,1750.2,1755.0,1676.6,1740.0,99.0,22.0,0.0,13.0,57.2,19.7,98.5,0.0,0.0,0.0,0.0,�O,�_,�O,�_,�_,�_,�_,0,0,0,0,0,0,0,0,0,0,0,0,0,0,0,0,0,0,0,0,0,0,0,0,0,0,0,0,0,0,5261,7021,6741,531,16.0,16.987,60.093,84.0,0.000,5.9,47,8,1,22.6,47.4,54.9,38.8,38.7,38.7,38.7,47.6,50.8,41.8,41.8,41.8,41.8,21.09,25.78,18.17,18.13,25.89,25.89,21.02,0.01,20.82,0.26,1.18,62,6,0.0,0.0,0,
24.2.2026,9:22:9.927,23129,10881,68.0,14786,17176,46.2,7.5,0.982,0.940,1.035,1.035,1.035,0.955,0.955,0.955,0.945,3971.0,3893.0,4167.5,4167.5,4167.5,3843.1,3843.1,3843.1,3843.1,99.8,888.3,1314.8,637.0,404.1,387.3,805.4,671.9,1512.7,1853.2,333.6,344.9,1464.2,1636.5,456.7,521.9,1007.2,860.7,888.3,22.6,25.5,16.4,11.3,10.8,20.9,18.0,38.5,47.7,9.4,9.7,37.4,41.6,11.8,14.1,25.8,22.6,47.7,22.6,21.2,23.3,15.4,9.8,9.4,19.6,16.4,37.4,45.7,8.1,8.4,36.5,40.3,10.9,12.5,24.4,20.9,21.2,39.8,39.0,41.8,41.8,41.8,38.5,38.5,38.5,38.5,0.0,36.5,33.0,15.4,29.9,74.9,13.1,67.6,19.2,38.5,55.0,67.0,50.3,70.1,24.7,53.7,32.2,80.3,61.5,8.6,0.0,34.5,0.0,0.4,33.5,0.3,0.4,0.0,2394.0,23.98,40,39,39,77,116,384,1,95.4,95.0,84.6,85.2,87.7,88.1,88.6,87.7,94.9,85.2,90.8,83.7,82.6,89.4,0.964,1.088,0.650,11.292,5.234,11.270,74.427,0.267,21.555,1.739,1.608,0.929,1.545,3.154,0.878,2.850,1.227,1.717,10.919,5.697,16.789,20.648,0.000,1595.8,2393.4,3926.9,3960.2,16.1,53.2,26.9,32.8,59.0,100.0,20,�_,�_,�_,8.299,2.284,2.9,5300,5700,69.0,1.095,1.110,1.800,1.800,1.005,5.110,�_,�_,�_,62,62,54,99.0,100.0,�_,�_,9544,8054,0.0,1.1,1.1,0.000,0.077,143452,116461,85.2,2393.3,0.0,16.0,0.0,85.9,92.0,93.1,86.0,0.740,19.995,19.976,20.014,89.657,36.029,64.310,16.521,81.197,6.201,22.698,13.143,48.132,1845.0,1750.2,1800.0,1683.4,1785.0,99.0,22.0,0.0,15.0,57.7,19.7,98.3,0.0,0.0,0.0,0.0,�O,�_,�O,�_,�_,�_,�_,0,0,0,0,0,0,0,0,0,0,0,0,0,0,0,0,0,0,0,0,0,0,0,0,0,0,0,0,0,0,5201,7081,6802,475,16.0,16.987,60.093,84.0,0.000,5.9,42,8,1,23.1,41.8,53.2,35.5,34.6,34.5,34.5,42.1,45.1,39.1,39.0,38.9,38.9,23.90,28.23,18.74,17.78,29.02,29.02,23.75,0.01,23.61,0.29,1.45,62,6,0.0,0.0,0,
24.2.2026,9:22:11.922,23241,10769,68.3,14853,17109,46.4,7.5,0.921,0.970,0.925,0.925,0.910,0.910,0.910,0.910,0.905,3743.2,3893.0,3743.2,3743.2,3693.3,3693.3,3693.3,3743.2,3743.2,99.8,962.1,1414.0,707.9,486.6,452.9,898.6,743.7,1590.3,1838.0,425.2,407.8,1573.4,1623.8,557.8,598.0,1023.0,1053.2,962.1,23.9,26.7,18.2,12.4,11.5,23.0,18.9,40.3,48.1,10.6,10.2,40.1,41.2,14.2,15.2,25.8,26.8,48.1,23.9,22.9,24.9,17.2,11.7,10.9,21.8,18.0,39.0,46.0,10.1,9.8,38.8,39.9,13.3,14.4,24.7,25.5,22.9,37.5,39.0,37.5,37.5,37.0,37.0,37.0,37.5,37.5,0.0,39.6,36.1,19.0,33.7,75.9,16.7,69.1,23.2,43.1,52.5,63.6,53.1,65.3,24.0,56.1,30.7,70.3,56.9,7.9,0.2,28.1,1.1,0.1,27.4,0.2,6.5,0.0,2374.0,23.78,40,39,39,77,116,384,1,95.4,95.0,84.7,85.3,87.9,88.3,88.9,88.1,95.0,85.5,90.9,83.8,82.8,89.4,0.955,1.082,0.650,11.625,5.210,11.613,73.189,0.268,21.751,1.771,1.635,1.048,1.625,3.078,0.980,2.758,1.246,1.795,11.146,5.657,16.978,20.658,0.000,1586.3,2366.2,3882.1,3919.1,16.6,52.3,27.2,33.0,59.0,100.0,20,�_,�_,�_,8.660,2.542,3.2,5300,5700,69.0,1.095,1.110,1.800,1.800,1.005,5.110,�_,�_,�_,62,62,54,99.0,100.0,�_,�_,9544,8054,0.0,0.5,0.5,0.000,0.012,143452,116461,85.2,2398.3,0.0,16.0,0.0,85.1,90.0,91.7,86.0,0.735,19.983,19.970,19.996,83.332,36.194,62.323,17.454,80.045,6.201,23.626,63.708,0.000,1665.0,1750.2,1635.0,1662.0,1635.0,99.0,21.0,0.0,16.0,58.4,19.7,98.3,0.0,0.0,0.0,0.0,�O,�_,�O,�_,�_,�_,�_,0,0,0,0,0,0,0,0,0,0,0,0,0,0,0,0,0,0,0,0,0,0,0,0,0,0,0,0,0,0,5112,7170,6893,479,16.0,16.987,60.093,84.0,0.000,5.9,36,8,1,24.3,35.7,49.1,17.0,16.1,16.0,16.0,35.7,42.6,19.7,19.6,19.6,19.6,27.99,59.02,20.37,20.07,62.36,62.36,27.97,0.04,27.69,0.29,3.86,62,6,0.0,0.0,0,
24.2.2026,9:22:13.932,23458,10553,68.9,14877,17085,46.5,7.5,0.950,0.950,0.950,0.950,0.950,0.950,0.950,0.950,0.950,3874.3,3917.9,3868.0,3868.0,3868.0,3868.0,3868.0,3868.0,3868.0,99.8,898.4,1311.0,654.3,413.9,401.8,835.8,696.6,2085.8,1158.9,317.5,378.1,1913.5,1180.4,475.7,536.7,1003.7,1010.8,898.4,22.5,24.8,17.1,11.0,10.7,21.7,18.1,53.3,29.5,8.4,10.1,48.2,29.8,12.5,14.1,25.5,25.7,53.3,22.5,21.3,22.8,15.8,9.9,9.6,20.3,16.9,51.8,28.5,7.5,9.1,47.3,28.8,11.3,12.8,24.3,24.6,21.3,38.8,39.2,38.8,38.8,38.8,38.8,38.8,38.8,38.8,0.0,36.8,33.0,16.0,31.1,71.8,13.5,67.1,19.8,41.9,55.7,67.0,53.5,68.9,28.2,57.0,32.8,79.9,58.1,7.6,0.0,30.8,0.0,0.1,29.7,0.1,0.3,0.0,2395.7,24.00,40,39,39,77,116,384,1,95.4,95.0,84.7,85.3,88.0,88.4,89.0,88.1,94.9,85.5,91.1,83.8,83.0,89.6,0.971,1.089,0.650,11.479,5.256,11.529,75.511,0.269,21.871,1.783,1.637,1.020,1.627,3.057,0.936,2.852,1.277,1.857,11.202,5.722,17.099,20.670,0.000,1599.0,2395.7,3953.7,3988.4,16.5,53.9,27.3,33.2,59.1,100.0,20,�_,�_,�_,8.316,2.406,2.9,5300,5700,69.0,1.095,1.110,1.800,1.800,1.005,5.180,�_,�_,�_,62,62,54,99.0,100.0,�_,�_,9544,8054,0.0,0.6,0.6,0.000,0.026,143452,116461,85.3,2378.3,0.0,16.0,0.0,84.7,90.0,91.1,86.0,0.700,19.997,19.980,20.015,83.254,35.309,62.925,16.683,79.940,6.201,22.880,17.308,41.225,1590.0,1750.2,1545.0,1693.3,1590.0,99.0,21.0,0.0,14.0,59.5,19.7,98.5,0.0,0.0,0.0,0.0,�O,�_,�O,�_,�_,�_,�_,0,0,0,0,0,0,0,0,0,0,0,0,0,0,0,0,0,0,0,0,0,0,0,0,0,0,0,0,0,0,4971,7311,7034,531,16.0,16.987,60.093,84.0,0.000,5.9,42,8,1,22.4,42.4,51.4,31.1,30.6,30.6,30.6,42.6,46.7,34.2,32.8,32.7,32.7,23.57,32.22,19.46,19.37,32.76,32.76,23.49,0.01,23.29,0.28,1.63,62,6,0.0,0.0,0,
24.2.2026,9:22:15.931,23445,10565,68.9,14888,17074,46.5,7.5,0.976,1.025,0.970,0.970,0.970,0.970,0.970,0.965,0.965,3871.8,3373.9,3942.9,3942.9,3942.9,3942.9,3942.9,3942.9,3942.9,99.8,810.3,1245.1,560.5,320.3,310.8,763.8,631.9,1910.1,1113.3,238.7,268.5,1775.4,1178.0,381.0,471.1,889.5,906.0,810.3,20.2,24.1,14.9,8.2,7.9,20.1,16.6,47.6,28.2,6.6,6.8,44.3,29.3,10.2,12.7,22.8,23.1,47.6,20.2,19.2,21.9,13.5,7.7,7.4,18.5,15.4,47.2,27.4,5.7,6.4,44.0,28.7,9.0,11.2,21.5,22.0,19.2,38.8,33.8,39.5,39.5,39.5,39.5,39.5,39.5,39.5,0.0,34.1,31.5,12.7,29.8,67.9,9.9,65.5,17.3,38.6,59.8,68.5,62.0,70.2,32.0,66.9,34.4,82.7,61.4,6.2,0.0,25.5,0.0,0.1,23.4,0.2,0.0,0.0,2395.7,24.00,40,39,39,77,116,384,1,95.4,95.0,84.9,85.4,88.0,88.6,89.2,88.3,94.9,85.6,91.1,83.8,82.9,90.0,0.995,1.089,0.650,11.448,5.188,11.412,78.350,0.269,22.006,1.822,1.693,1.020,1.667,3.127,0.941,2.999,1.276,1.852,11.436,5.648,17.259,20.682,0.000,1597.1,2395.7,4043.9,4082.4,16.3,56.0,27.5,33.4,59.1,100.0,20,�_,�_,�_,7.688,2.183,2.7,5300,5700,69.2,1.110,1.110,1.800,1.800,1.005,5.180,�_,�_,�_,62,62,54,99.0,100.0,�_,�_,9544,8054,0.0,0.5,0.5,0.008,0.034,143452,116461,85.3,2400.0,0.0,16.0,0.0,85.4,90.0,92.2,86.0,0.725,19.986,19.969,20.003,89.770,44.671,65.903,16.614,82.854,6.201,22.796,73.301,45.027,1650.0,1750.2,1605.0,1686.1,1620.0,99.0,22.0,0.0,10.0,59.4,19.8,98.8,0.0,0.0,0.0,0.0,�O,�_,�O,�_,�_,�_,�_,0,0,0,0,0,0,0,0,0,0,0,0,0,0,0,0,0,0,0,0,0,0,0,0,0,0,0,0,0,0,4981,7301,7023,435,16.0,16.986,60.093,84.0,0.000,5.9,52,8,1,19.4,51.7,60.4,46.6,46.0,45.9,45.9,51.5,53.1,48.5,48.4,48.4,48.4,19.33,21.44,16.54,16.30,21.78,21.78,19.41,0.01,19.08,0.26,0.85,62,6,0.1,0.0,0,
24.2.2026,9:22:17.945,23390,10621,68.7,14851,17112,46.4,7.5,1.011,1.020,1.025,1.025,1.025,1.020,1.020,0.975,0.975,3372.7,3314.0,3314.0,3314.0,4142.5,3254.1,3254.1,3194.2,3194.2,99.8,787.3,1169.2,586.8,302.7,328.1,567.2,727.3,1635.7,1312.0,230.6,270.9,1383.8,1479.0,383.7,453.9,825.8,939.7,787.3,19.7,21.3,15.5,9.0,9.6,14.8,19.0,41.1,32.7,6.2,8.0,34.4,36.5,10.1,12.3,21.0,24.1,41.1,19.7,18.6,19.3,14.2,7.3,7.9,13.7,17.8,40.4,32.3,5.5,6.5,34.2,36.3,9.0,10.9,19.9,23.1,18.6,33.8,33.2,33.2,33.2,41.5,32.6,32.6,32.0,32.0,0.0,33.0,29.6,12.6,27.4,66.4,9.5,63.8,17.0,38.1,59.3,70.4,53.4,72.6,33.2,64.6,36.0,82.4,61.9,7.7,0.0,34.4,0.0,0.4,26.2,0.2,0.6,0.0,2395.7,24.00,40,39,39,77,116,384,1,95.4,95.0,84.8,85.3,88.0,88.4,88.9,88.1,95.0,85.5,91.0,83.8,82.9,89.9,1.001,1.089,0.650,11.234,5.159,11.257,78.696,0.268,21.806,1.802,1.657,0.943,1.617,3.168,0.921,2.974,1.277,1.860,11.289,5.617,17.080,20.695,0.000,1597.1,2395.7,4069.2,4108.5,16.1,56.2,27.2,33.5,59.1,100.0,20,�_,�_,�_,7.173,2.093,2.6,5300,5700,69.0,1.110,1.110,1.800,1.800,1.005,5.180,�_,�_,�_,62,62,55,99.0,100.0,�_,�_,9544,8054,1.0,1.0,1.9,0.016,0.061,143452,116461,85.4,2400.0,0.0,16.0,0.0,84.9,90.0,92.4,86.0,0.700,20.013,19.998,20.029,85.765,35.162,59.620,16.618,76.531,6.201,22.814,25.969,38.382,1560.0,1750.2,1500.0,1606.8,1560.0,99.0,22.0,0.0,9.0,59.5,19.5,97.3,0.0,0.0,0.0,0.0,�O,�_,�O,�_,�_,�_,�_,0,0,0,0,0,0,0,0,0,0,0,0,0,0,0,0,0,0,0,0,0,0,0,0,0,0,0,0,0,0,4971,7311,7033,439,16.0,16.988,60.093,84.0,0.000,5.9,45,8,1,20.3,45.1,50.6,40.7,39.8,39.7,39.7,45.2,48.7,42.4,42.2,42.1,42.1,22.16,24.58,19.75,19.53,25.17,25.17,22.11,0.01,21.90,0.25,0.77,62,6,0.0,0.0,0,
24.2.2026,9:22:19.957,23352,10659,68.6,14745,17217,46.1,7.5,1.022,0.975,1.025,1.025,1.030,1.030,1.030,1.030,1.030,3632.2,3254.1,3373.9,3373.9,4142.5,3314.0,4142.5,4142.5,3314.0,99.8,877.7,1310.2,732.9,333.6,376.0,577.9,956.4,1029.8,2120.1,266.5,311.4,910.6,2145.7,424.5,552.8,884.3,1109.8,877.7,21.8,22.2,19.3,9.1,10.2,14.9,24.9,25.8,53.6,7.2,8.5,22.8,53.6,11.1,14.6,22.4,28.4,53.6,21.8,20.7,20.3,17.8,8.1,9.1,13.9,23.4,25.1,52.7,6.3,7.5,22.2,53.1,10.0,13.2,21.3,27.2,20.7,36.4,32.6,33.8,33.8,41.5,33.2,41.5,41.5,33.2,0.0,36.1,33.0,13.8,31.8,70.4,11.0,67.3,19.5,41.9,59.8,67.0,67.9,68.2,29.6,74.7,32.7,80.5,58.1,4.1,0.0,18.6,0.0,0.0,14.6,0.0,0.0,0.0,2395.7,24.00,40,39,39,77,116,384,1,95.4,95.0,84.8,85.4,88.1,88.6,89.3,88.4,95.0,85.8,91.0,83.9,83.0,89.9,0.985,1.089,0.650,11.668,5.210,11.644,77.283,0.267,22.130,1.846,1.707,1.078,1.690,3.114,1.008,2.949,1.319,1.906,11.523,5.673,17.369,20.708,0.000,1597.1,2395.7,4007.9,4043.6,16.6,55.2,27.7,33.6,59.2,100.0,20,�_,�_,�_,8.030,2.251,2.9,5300,5700,69.2,1.110,1.110,1.815,1.800,1.005,5.180,�_,�_,�_,62,62,54,99.0,100.0,�_,�_,9544,8054,0.0,0.9,0.9,0.000,0.061,143452,116462,85.3,2400.0,0.0,16.0,0.0,84.8,90.0,91.2,86.0,0.715,20.013,19.998,20.028,82.032,39.483,60.185,16.658,77.167,6.201,22.845,50.354,42.968,1620.0,1750.2,1575.0,1661.1,1605.0,99.0,23.0,0.0,11.0,60.0,19.7,98.4,0.0,0.0,0.0,0.0,�O,�_,�O,�_,�_,�_,�_,0,0,0,0,0,0,0,0,0,0,0,0,0,0,0,0,0,0,0,0,0,0,0,0,0,0,0,0,0,0,4917,7365,7088,431,16.0,16.989,60.093,84.0,0.000,5.9,55,8,1,16.8,54.5,64.8,47.1,46.6,46.5,46.5,54.7,58.5,50.9,50.6,50.6,50.6,18.36,21.27,15.43,15.41,21.54,21.54,18.28,0.01,18.09,0.26,1.03,62,6,0.2,0.2,0,
24.2.2026,9:22:21.971,23259,10752,68.3,14675,17288,45.9,7.5,1.012,0.975,1.010,1.010,1.010,1.010,1.015,1.035,1.035,3519.3,3967.8,3314.0,4142.5,3314.0,3314.0,3314.0,3393.9,3393.9,99.8,853.9,1297.6,733.4,316.2,385.4,476.3,976.9,890.0,2308.6,243.7,292.5,857.4,2098.0,409.0,542.6,685.8,1149.5,853.9,20.6,20.5,18.7,7.9,9.8,11.7,25.1,21.8,58.2,6.0,7.3,20.7,52.3,10.0,13.8,16.7,28.9,58.2,20.6,20.1,19.3,17.8,7.6,9.3,11.4,23.9,21.7,57.3,5.8,7.0,20.9,51.7,9.6,13.1,16.4,28.1,20.1,35.3,39.8,33.2,41.5,33.2,33.2,33.2,34.0,34.0,0.0,35.8,32.5,14.4,31.1,72.8,10.5,65.7,19.7,39.8,61.9,67.5,74.3,68.9,27.2,82.7,34.3,80.2,60.2,2.3,0.0,11.5,0.0,0.0,7.0,0.0,0.0,0.0,2395.7,24.00,40,39,39,77,116,384,1,95.2,95.0,84.9,85.5,88.0,88.5,89.4,88.2,95.0,85.8,90.7,83.9,82.7,89.9,0.981,1.089,0.650,11.601,5.206,11.616,76.677,0.267,21.997,1.836,1.662,1.130,1.627,3.281,1.038,2.821,1.310,1.821,11.399,5.668,17.240,20.722,0.000,1597.8,2395.7,3995.2,4028.1,16.6,54.8,27.5,33.7,59.2,100.0,20,�_,�_,�_,7.962,2.277,2.9,5300,5700,69.2,1.110,1.110,1.815,1.800,1.005,5.180,�_,�_,�_,62,62,55,99.0,100.0,�_,�_,9544,8054,0.9,1.4,2.4,0.032,0.091,143452,116462,85.4,2400.0,0.0,16.0,0.0,84.4,90.0,90.7,86.0,0.695,20.010,19.996,20.024,85.859,39.374,57.440,16.776,74.508,6.201,22.955,60.884,36.854,1545.0,1750.2,1500.0,1695.7,1560.0,99.0,24.0,0.0,10.0,59.1,19.5,97.7,0.0,0.0,0.0,0.0,�O,�_,�O,�_,�_,�_,�_,0,0,0,0,0,0,0,0,0,0,0,0,0,0,0,0,0,0,0,0,0,0,0,0,0,0,0,0,0,0,5022,7260,6982,431,16.0,16.987,60.093,84.0,0.000,5.9,60,8,1,17.0,60.5,70.4,52.5,51.4,51.2,51.2,60.4,64.1,55.8,55.3,55.2,55.2,16.53,19.05,14.18,14.04,19.51,19.51,16.56,0.01,16.26,0.27,0.86,62,6,0.0,0.0,0,
24.2.2026,9:22:23.975,23232,10779,68.3,14646,17316,45.8,7.5,1.026,0.975,1.025,1.025,1.025,1.040,1.040,1.040,1.040,3907.3,4117.6,3513.7,4392.1,3513.7,3493.7,4367.1,3493.7,4367.1,99.8,941.7,1357.5,750.7,383.7,427.0,666.4,919.5,1219.0,1988.2,795.2,369.5,929.7,2190.6,545.4,548.5,879.2,1097.5,941.7,23.0,23.4,19.1,9.6,10.8,16.6,23.5,30.3,50.1,21.4,9.2,22.5,55.0,13.6,13.8,21.7,27.5,55.0,23.0,21.7,21.4,17.5,8.5,9.6,15.3,21.8,29.3,48.9,19.3,8.1,21.9,54.0,12.3,12.4,20.5,26.1,21.7,39.1,41.2,35.2,44.0,35.2,35.0,43.8,35.0,43.8,0.0,38.3,34.3,15.6,32.9,69.8,25.2,67.0,21.3,40.6,58.8,65.7,70.6,67.1,30.2,65.9,33.0,78.1,59.4,2.9,0.0,14.0,0.0,0.0,9.1,0.0,0.6,0.0,2395.7,24.00,40,39,39,77,116,384,1,95.2,95.0,85.1,85.6,88.4,88.9,89.6,88.8,95.0,86.6,91.0,84.2,82.9,90.1,0.984,1.089,0.650,11.795,5.197,11.809,77.150,0.269,22.225,1.918,1.747,1.195,1.751,3.109,1.328,2.963,1.383,1.870,11.637,5.658,17.469,20.737,0.000,1597.1,2395.7,4001.7,4040.3,16.9,55.1,27.8,33.8,59.2,100.0,20,�_,�_,�_,7.818,2.345,3.1,5400,5700,69.2,1.110,1.110,1.815,1.800,1.005,5.180,�_,�_,�_,62,62,54,99.0,100.0,�_,�_,9544,8054,0.0,0.5,0.5,0.000,0.016,143452,116462,85.5,2400.0,0.0,16.0,0.0,84.9,96.0,91.2,86.0,0.725,19.981,19.959,20.003,96.542,38.879,64.506,23.691,88.574,6.201,29.852,18.381,40.945,1620.0,2000.2,1575.0,1684.2,1605.0,99.0,22.0,0.0,11.0,59.7,19.7,98.3,0.0,0.0,0.0,0.0,�O,�_,�O,�_,�_,�_,�_,0,0,0,0,0,0,0,0,0,0,0,0,0,0,0,0,0,0,0,0,0,0,0,0,0,0,0,0,0,0,4955,7327,7050,407,16.0,16.987,60.093,84.0,0.000,5.9,53,8,1,20.4,53.1,60.1,47.7,47.4,47.3,47.3,53.0,57.0,49.8,49.7,49.7,49.7,18.85,20.92,16.58,16.52,21.14,21.14,18.86,0.01,18.56,0.28,0.68,62,6,0.1,0.1,0,
24.2.2026,9:22:25.970,23227,10784,68.2,14653,17309,45.8,7.5,0.969,1.010,0.970,0.970,0.960,0.960,0.960,0.960,0.960,3846.2,3294.1,3942.9,3942.9,3917.9,3917.9,3917.9,3917.9,3917.9,99.8,777.3,1169.4,535.1,277.7,296.9,596.3,677.4,1873.7,1180.0,218.7,247.8,1458.8,1414.0,357.3,426.4,824.5,883.3,777.3,19.4,22.2,14.4,7.1,8.4,15.7,18.0,46.6,29.2,5.5,6.3,36.0,35.7,9.7,11.7,21.0,22.7,46.6,19.4,18.4,19.9,12.9,6.6,7.1,14.4,16.4,46.2,29.1,5.2,5.9,36.2,34.7,8.5,10.2,19.9,21.5,18.4,38.5,33.0,39.5,39.5,39.2,39.2,39.2,39.2,39.2,0.0,32.8,29.5,11.7,27.0,68.3,9.0,64.1,16.2,36.5,61.0,70.5,62.4,73.0,31.6,68.9,35.8,82.5,63.5,6.3,0.0,26.2,0.0,0.2,22.3,0.1,1.3,0.0,2395.7,24.00,40,39,39,77,116,384,1,95.4,95.0,84.9,85.5,87.9,88.4,89.1,88.1,95.0,85.5,90.8,83.8,82.8,89.9,1.000,1.089,0.650,11.256,5.161,11.239,78.636,0.267,21.808,1.816,1.673,1.014,1.611,3.276,0.932,2.885,1.283,1.854,11.296,5.618,17.088,20.750,0.000,1597.1,2395.7,4064.8,4102.3,16.1,56.2,27.2,33.8,59.3,100.0,20,�_,�_,�_,7.059,2.022,2.6,5400,5700,69.5,1.110,1.110,1.815,1.800,1.005,5.110,�_,�_,�_,62,62,54,99.0,100.0,�_,�_,9544,8054,0.9,1.4,2.3,0.040,0.124,143452,116462,85.6,2400.0,0.0,16.0,0.0,85.4,96.0,92.0,86.0,0.735,19.985,19.964,20.006,94.766,47.933,63.397,24.056,87.787,6.201,30.208,78.782,45.097,1665.0,2250.2,1635.0,1641.0,1635.0,99.0,18.0,0.0,10.0,59.8,19.6,97.9,0.0,0.0,0.0,0.0,�O,�_,�O,�_,�_,�_,�_,0,0,0,0,0,0,0,0,0,0,0,0,0,0,0,0,0,0,0,0,0,0,0,0,0,0,0,0,0,0,4938,7344,7066,407,16.0,16.987,60.093,84.0,0.000,5.9,51,8,1,21.3,50.7,62.2,41.4,38.6,38.3,38.3,50.6,54.3,45.2,45.0,45.0,45.0,19.71,24.20,16.04,15.51,26.09,26.09,19.76,0.01,19.45,0.26,0.98,62,6,0.0,0.0,0,
24.2.2026,9:22:27.964,23367,10643,68.7,14735,17228,46.1,7.5,0.873,0.905,0.865,0.865,0.865,0.865,0.865,0.870,0.880,3540.5,3643.4,3518.7,3518.7,3518.7,3518.7,3518.7,3543.6,3543.6,99.8,776.1,1169.9,550.0,265.5,325.0,597.6,682.0,2019.4,1054.2,230.5,283.5,1331.1,1448.4,333.5,421.0,813.8,891.6,776.1,19.0,21.4,14.0,7.4,8.3,15.1,17.4,50.3,26.5,6.4,7.8,32.8,35.4,8.4,10.8,20.2,22.0,50.3,19.0,18.4,20.1,13.2,6.4,7.8,14.5,16.6,50.2,25.9,5.5,6.8,32.7,35.4,7.9,10.0,19.7,21.5,18.4,35.5,36.5,35.2,35.2,35.2,35.2,35.2,35.5,35.5,0.0,32.4,29.3,11.8,26.7,69.6,9.9,60.6,15.1,36.0,59.0,70.7,50.9,73.2,30.1,61.1,39.2,82.6,64.0,8.7,0.0,37.6,0.1,0.3,29.3,0.2,2.3,0.0,2393.2,23.97,40,39,39,77,116,384,1,95.4,95.0,84.8,85.3,87.9,88.4,88.9,88.0,95.0,85.4,90.7,83.8,82.8,89.8,0.998,1.088,0.650,11.053,5.136,11.004,78.644,0.267,21.559,1.787,1.692,0.920,1.610,3.327,0.910,2.809,1.214,1.811,11.082,5.589,16.845,20.758,0.000,1597.3,2392.3,4053.6,4093.5,15.7,56.2,27.0,33.7,59.3,100.0,20,�_,�_,�_,6.939,2.019,2.6,5300,5700,69.2,1.095,1.110,1.815,1.800,1.005,5.110,�_,�_,�_,62,62,54,99.0,100.0,�_,�_,9544,8054,0.5,0.5,0.9,0.008,0.032,143452,116462,85.5,2400.0,0.0,16.0,0.0,85.8,96.0,92.8,86.0,0.715,20.006,19.986,20.026,91.134,44.004,60.460,24.863,85.633,6.201,31.032,57.150,42.693,1605.0,2250.2,1545.0,1586.2,1590.0,99.0,18.0,0.0,8.0,60.3,19.8,99.0,0.0,0.0,0.0,0.0,�O,�_,�O,�_,�_,�_,�_,0,0,0,0,0,0,0,0,0,0,0,0,0,0,0,0,0,0,0,0,0,0,0,0,0,0,0,0,0,0,4874,7408,7130,415,16.0,16.987,60.093,84.0,0.000,5.9,45,8,1,17.1,45.0,52.2,39.9,39.7,39.7,39.7,45.0,47.1,42.6,42.5,42.4,42.4,22.21,25.04,19.15,18.32,25.22,25.22,22.23,0.01,21.96,0.24,0.80,62,6,0.0,0.0,0,
24.2.2026,9:22:29.967,23403,10607,68.8,14747,17215,46.1,7.5,0.988,0.995,1.005,1.005,0.980,0.980,0.980,0.980,0.975,3311.5,3254.1,3234.2,3234.2,3992.8,3194.2,3194.2,3194.2,3194.2,99.8,727.1,1151.0,498.0,257.4,266.7,558.8,621.3,1800.9,1070.9,244.5,236.8,1154.2,1477.1,318.2,416.7,780.7,779.9,727.1,18.1,22.4,13.3,7.1,7.3,14.6,16.5,44.4,26.7,6.7,6.5,28.5,36.7,8.5,11.3,19.8,20.1,44.4,18.1,17.3,20.4,12.0,6.2,6.3,13.6,15.1,44.5,26.4,5.8,5.6,28.4,36.5,7.5,10.0,18.9,19.1,17.3,33.2,32.6,32.4,32.4,40.0,32.0,32.0,32.0,32.0,0.0,30.4,28.8,10.2,24.9,63.7,9.1,58.1,15.0,33.1,60.0,71.2,50.8,74.1,36.0,56.0,41.7,83.3,66.9,9.7,0.0,39.3,1.1,0.3,35.2,0.2,1.7,0.0,2377.3,23.82,40,39,39,77,116,384,1,95.4,95.0,84.9,85.4,87.9,88.6,88.9,88.2,94.9,85.5,90.7,83.9,82.8,90.0,1.013,1.084,0.650,10.921,5.085,10.997,80.569,0.267,21.525,1.787,1.710,0.919,1.622,3.263,0.897,2.786,1.275,1.823,11.135,5.522,16.831,20.764,0.000,1582.7,2370.8,4103.9,4158.5,15.7,57.5,26.9,33.5,59.3,100.0,20,�_,�_,�_,6.544,1.878,2.4,5300,5700,69.2,1.095,1.110,1.815,1.800,1.005,5.110,�_,�_,�_,62,62,54,99.0,100.0,�_,�_,9544,8054,0.5,1.0,1.4,0.008,0.089,143452,116462,85.3,2397.5,0.0,16.0,0.0,85.2,96.0,91.7,86.0,0.740,19.975,19.951,19.999,92.630,41.164,66.343,24.919,91.615,6.201,31.074,23.843,44.154,1650.0,2250.2,1605.0,1635.6,1650.0,99.0,19.0,0.0,8.0,60.6,19.6,97.9,0.0,0.0,0.0,0.0,�O,�_,�O,�_,�_,�_,�_,0,0,0,0,0,0,0,0,0,0,0,0,0,0,0,0,0,0,0,0,0,0,0,0,0,0,0,0,0,0,4843,7439,7161,407,16.0,16.987,60.093,84.0,0.000,5.9,47,8,1,21.4,47.2,50.4,40.0,38.1,37.8,37.8,47.2,50.6,40.2,39.9,39.9,39.9,21.18,24.95,19.86,19.78,26.41,26.41,21.13,0.01,20.94,0.24,0.72,62,6,0.1,0.1,0,
24.2.2026,9:22:31.974,23374,10637,68.7,14695,17268,45.9,7.5,0.981,1.055,0.970,0.970,0.970,0.970,0.970,0.970,0.970,3967.8,3967.8,3967.8,3967.8,3967.8,3967.8,3967.8,3967.8,3967.8,99.8,783.7,1125.9,526.5,320.4,297.1,579.5,579.3,1543.2,1348.2,466.6,823.1,1177.2,1404.2,369.4,422.8,775.2,781.1,783.7,18.8,21.5,13.3,7.2,6.6,13.9,14.6,37.9,33.2,11.2,21.5,28.7,34.0,9.1,10.7,18.9,19.2,37.9,18.8,18.1,19.6,12.1,7.0,6.4,13.5,13.4,37.8,32.9,10.9,20.2,28.4,34.0,8.1,9.5,18.1,18.2,18.1,39.8,39.8,39.8,39.8,39.8,39.8,39.8,39.8,39.8,0.0,32.0,28.2,11.5,23.6,63.4,26.2,55.5,15.3,32.2,57.6,71.8,53.9,75.5,36.5,39.3,44.2,71.5,67.8,10.5,0.0,34.9,0.9,0.1,34.7,0.3,13.3,0.0,2335.7,23.40,40,39,39,77,116,384,1,95.5,95.0,84.9,85.4,88.2,88.6,89.1,88.5,94.9,86.5,90.7,84.0,82.9,90.1,1.012,1.072,0.650,10.900,4.985,10.917,80.470,0.266,21.323,1.816,1.699,0.986,1.581,3.220,1.286,2.767,1.191,1.798,11.097,5.377,16.647,20.768,0.000,1550.0,2314.3,4097.1,4149.9,15.6,57.5,26.7,33.3,59.3,100.0,20,�_,�_,�_,6.245,1.933,2.6,5300,5700,69.5,1.095,1.110,1.815,1.800,1.005,5.110,�_,�_,�_,62,62,54,99.0,100.0,�_,�_,9544,8054,0.5,0.5,0.9,0.008,0.028,143452,116462,85.4,2381.6,0.0,16.0,0.0,84.9,96.0,91.3,86.0,0.725,19.985,19.962,20.009,93.809,41.537,64.134,24.752,89.221,6.201,30.915,30.886,44.649,1740.0,2250.2,1740.0,1624.8,1710.0,99.0,17.0,0.0,8.0,60.6,19.8,98.9,0.0,0.0,0.0,0.0,�O,�_,�O,�_,�_,�_,�_,0,0,0,0,0,0,0,0,0,0,0,0,0,0,0,0,0,0,0,0,0,0,0,0,0,0,0,0,0,0,4842,7440,7162,411,16.0,16.987,60.093,84.0,0.000,5.9,39,8,1,28.8,39.4,44.0,35.6,35.5,35.5,35.5,39.3,43.1,36.9,36.9,36.9,36.9,25.40,28.07,22.70,22.69,28.13,28.13,25.52,0.01,25.13,0.27,1.05,62,6,0.0,0.0,0,
24.2.2026,9:22:33.967,23351,10659,68.6,14691,17272,45.9,7.5,1.071,1.110,1.065,1.065,1.065,1.065,1.065,1.065,1.065,3918.6,3573.6,3967.8,3967.8,3967.8,3967.8,3967.8,3967.8,3967.8,99.8,641.0,998.4,473.7,230.7,243.0,485.9,522.9,1143.3,1311.3,192.7,217.6,1143.9,1348.2,316.9,361.6,568.0,697.2,641.0,15.2,18.4,11.6,6.3,6.6,12.3,12.7,27.0,31.3,5.2,5.9,27.0,31.7,7.5,8.8,13.5,16.8,31.7,15.2,15.2,17.7,11.4,5.5,5.8,11.8,12.7,28.0,32.4,4.5,5.2,28.2,33.2,7.4,8.6,13.7,16.9,15.2,39.3,35.8,39.8,39.8,39.8,39.8,39.8,39.8,39.8,0.0,25.8,24.0,9.0,20.4,53.2,7.5,53.7,13.1,25.9,58.2,76.0,35.5,68.4,46.4,36.7,45.4,83.6,73.9,16.0,0.1,55.9,11.4,0.4,56.1,0.9,3.4,0.2,2175.4,21.79,40,39,39,77,116,384,1,95.5,95.0,84.5,85.1,87.9,88.4,88.8,87.9,94.9,85.2,91.1,83.9,83.0,90.2,1.045,1.025,0.650,10.381,4.613,10.367,86.333,0.264,20.627,1.737,1.702,0.813,1.563,3.087,0.749,2.935,1.307,1.741,11.045,4.862,16.078,20.768,0.000,1424.1,2096.8,4199.2,4290.6,14.8,61.7,25.8,33.0,59.3,100.0,20,�_,�_,�_,5.412,1.558,2.1,5300,5700,69.5,1.095,1.110,1.815,1.815,1.005,5.110,�_,�_,�_,62,62,54,99.0,100.0,�_,�_,9544,8054,0.5,0.9,1.4,0.024,0.057,143452,116462,85.4,2339.9,0.0,16.0,0.0,85.9,96.0,92.5,86.0,0.735,19.988,19.969,20.007,91.212,32.231,64.612,25.680,90.614,6.201,31.832,6.682,0.000,1695.0,2250.2,1665.0,1592.1,1635.0,99.0,19.0,0.0,7.0,60.6,19.6,98.2,0.0,0.0,0.0,0.0,�O,�_,�O,�_,�_,�_,�_,0,0,0,0,0,0,0,0,0,0,0,0,0,0,0,0,0,0,0,0,0,0,0,0,0,0,0,0,0,0,4843,7439,7161,423,16.0,16.987,60.093,84.0,0.000,5.9,34,8,1,26.4,34.3,38.8,30.9,30.9,30.8,30.8,34.7,37.3,31.6,31.5,31.5,31.5,29.15,32.31,25.76,25.54,32.40,32.40,28.85,0.01,28.90,0.24,1.05,62,6,0.0,0.0,0,
24.2.2026,9:22:35.961,23322,10688,68.5,14663,17299,45.8,7.5,1.097,1.070,1.105,1.105,1.105,1.105,1.105,1.105,1.075,3536.1,3433.8,3433.8,3433.8,4292.3,3433.8,3433.8,3433.8,3393.9,99.8,680.0,1042.0,503.2,261.4,263.0,519.0,545.8,1194.0,1462.5,220.3,211.6,1091.7,1475.4,321.5,347.4,692.2,728.6,680.0,16.7,19.9,13.2,7.2,7.2,13.5,14.3,28.9,35.7,6.0,5.8,26.7,35.9,8.6,9.2,17.3,18.4,35.9,16.7,16.1,18.3,12.2,6.3,6.3,12.6,13.3,29.3,36.2,5.2,5.0,26.9,36.4,7.6,8.2,16.7,17.7,16.1,35.4,34.4,34.4,34.4,43.0,34.4,34.4,34.4,34.0,0.0,27.7,25.5,10.2,21.9,58.0,7.8,55.9,12.9,29.3,58.6,74.5,38.0,74.4,41.8,44.7,43.9,81.1,70.7,13.8,0.0,52.1,3.8,0.2,47.8,0.2,6.1,0.0,2293.9,22.98,40,39,39,77,116,384,1,95.5,95.0,84.7,85.2,88.0,88.5,88.8,88.1,94.9,85.3,91.2,83.9,83.0,90.1,1.032,1.060,0.650,10.592,4.891,10.593,84.008,0.268,21.130,1.754,1.709,0.830,1.584,3.132,0.807,2.951,1.241,1.780,11.070,5.245,16.488,20.768,0.000,1517.1,2257.5,4163.7,4240.0,15.1,60.0,26.4,32.7,59.3,100.0,20,�_,�_,�_,5.864,1.679,2.2,5300,5700,69.2,1.095,1.110,1.815,1.815,1.005,5.110,�_,�_,�_,62,62,54,99.0,100.0,�_,�_,9544,8054,0.0,1.0,1.0,0.000,0.024,143452,116462,85.1,2179.3,0.0,16.0,0.0,85.2,96.0,91.7,86.0,0.735,19.985,19.961,20.008,93.331,38.925,63.858,25.111,89.275,6.201,31.285,13.607,43.138,1665.0,2250.2,1635.0,1598.9,1635.0,99.0,18.0,0.0,8.0,60.3,19.7,98.5,0.0,0.0,0.0,0.0,�O,�_,�O,�_,�_,�_,�_,0,0,0,0,0,0,0,0,0,0,0,0,0,0,0,0,0,0,0,0,0,0,0,0,0,0,0,0,0,0,4875,7407,7129,415,16.0,16.987,60.093,84.0,0.000,5.9,40,8,1,23.4,40.2,46.2,37.8,37.7,37.7,37.7,40.5,43.5,38.0,38.0,38.0,38.0,24.89,26.49,21.68,20.93,26.49,26.49,24.65,0.01,24.64,0.24,0.84,62,6,0.1,0.0,0,
24.2.2026,9:22:37.978,23399,10611,68.7,14685,17277,45.9,7.5,0.978,1.005,0.970,0.975,0.975,0.975,0.975,0.975,0.975,3437.6,3393.9,3214.2,4017.8,4017.8,3214.2,3214.2,3214.2,3214.2,99.8,710.5,1080.1,513.5,249.0,255.7,538.5,568.7,1151.2,1759.6,215.4,224.2,1068.4,1527.2,331.7,377.6,719.1,788.2,710.5,17.8,20.5,13.9,7.1,6.5,14.4,15.2,28.6,43.7,6.2,6.4,26.8,37.6,9.2,10.3,18.5,20.3,43.7,17.8,16.8,18.4,12.4,5.9,6.1,13.0,13.8,28.2,43.6,5.1,5.3,26.2,37.5,7.9,9.0,17.3,19.0,16.8,34.4,34.0,32.2,40.2,40.2,32.2,32.2,32.2,32.2,0.0,30.0,27.0,10.2,23.7,65.5,8.6,57.8,14.6,32.6,59.8,73.0,48.1,76.2,34.3,58.0,42.1,79.5,67.4,10.3,0.0,42.0,0.2,0.3,33.8,0.1,6.0,0.0,2382.3,23.87,40,39,39,77,116,384,1,95.5,95.0,84.8,85.3,87.9,88.5,88.9,88.0,95.0,85.4,90.9,83.9,82.9,90.0,1.012,1.085,0.650,10.766,5.107,10.775,80.106,0.265,21.366,1.760,1.671,0.865,1.574,3.294,0.874,2.811,1.225,1.770,10.949,5.548,16.669,20.770,0.000,1587.3,2377.5,4105.5,4153.3,15.4,57.2,26.7,32.7,59.3,100.0,20,�_,�_,�_,6.476,1.884,2.4,5300,5700,69.5,1.095,1.110,1.815,1.815,1.005,5.110,�_,�_,�_,62,62,57,99.0,100.0,�_,�_,9544,8054,0.4,1.9,2.3,0.032,0.163,143452,116463,85.2,2298.0,0.0,16.0,0.0,84.9,96.0,91.3,86.0,0.710,20.001,19.981,20.021,94.277,44.014,61.032,23.897,85.207,6.201,30.059,62.296,39.405,1575.0,2250.2,1515.0,1625.9,1575.0,99.0,17.0,0.0,8.0,60.8,19.8,99.1,0.0,0.0,0.0,0.0,�O,�_,�O,�_,�_,�_,�_,0,0,0,0,0,0,0,0,0,0,0,0,0,0,0,0,0,0,0,0,0,0,0,0,0,0,0,0,0,0,4811,7471,7193,407,16.0,16.986,60.093,84.0,0.000,5.9,48,8,1,18.9,48.3,53.2,43.2,43.0,42.9,42.9,48.5,52.2,44.6,44.5,44.5,44.5,20.69,23.18,18.81,18.66,23.29,23.29,20.63,0.01,20.44,0.25,0.69,62,6,0.0,0.0,0,
24.2.2026,9:22:39.986,23354,10656,68.6,14648,17314,45.8,7.5,1.041,1.015,1.045,1.045,1.045,1.045,1.045,1.045,1.045,3874.9,4117.6,4217.4,4217.4,4192.4,3354.0,4192.4,3354.0,3354.0,99.8,919.1,1245.4,578.5,433.2,431.0,838.9,694.5,1960.2,1058.3,915.6,474.2,1994.2,1136.4,514.5,517.0,995.8,916.9,919.1,22.8,25.6,14.5,10.9,11.5,21.4,17.6,49.8,26.0,24.5,12.1,49.8,27.9,12.9,13.0,24.7,23.0,49.8,22.8,21.6,23.4,13.3,9.8,9.8,20.0,16.2,48.2,25.4,22.4,10.9,49.1,27.2,11.8,11.8,23.7,21.8,21.6,38.8,41.2,42.2,42.2,42.0,33.6,42.0,33.6,33.6,0.0,37.3,31.6,15.4,30.1,65.4,29.5,68.1,19.4,38.7,56.1,68.4,55.9,69.8,34.5,46.8,31.7,80.6,61.3,6.6,0.0,28.9,0.1,0.1,23.9,0.1,0.0,0.0,2394.0,23.98,40,39,39,77,116,384,1,95.4,95.0,85.1,85.6,88.4,88.8,89.3,88.8,94.9,86.7,91.4,84.3,83.2,90.1,0.982,1.088,0.650,11.434,5.193,11.397,76.330,0.264,21.823,1.852,1.669,1.053,1.639,2.931,1.298,3.078,1.314,1.836,11.249,5.652,17.072,20.776,0.000,1595.8,2393.4,3992.1,4032.6,16.3,54.5,27.3,32.8,59.4,100.0,20,�_,�_,�_,7.642,2.231,3.0,5300,5700,69.5,1.095,1.110,1.815,1.815,1.005,5.110,�_,�_,�_,62,62,54,99.0,100.0,�_,�_,9544,8054,0.0,0.9,0.9,0.000,0.067,143452,116463,85.3,2386.6,0.0,16.0,0.0,85.5,96.0,92.4,86.0,0.725,19.985,19.965,20.006,95.149,45.459,62.398,24.576,87.285,6.201,30.731,63.780,43.240,1635.0,2250.2,1605.0,1613.0,1620.0,99.0,19.0,0.0,15.0,60.9,19.7,98.3,0.0,0.0,0.0,0.0,�O,�_,�O,�_,�_,�_,�_,0,0,0,0,0,0,0,0,0,0,0,0,0,0,0,0,0,0,0,0,0,0,0,0,0,0,0,0,0,0,4808,7474,7197,415,16.0,16.987,60.093,84.0,0.000,5.9,43,8,1,23.1,43.4,49.2,38.7,38.4,38.4,38.4,43.3,45.5,40.0,39.9,39.9,39.9,23.06,25.91,20.31,20.19,26.06,26.06,23.10,0.01,22.76,0.29,1.07,62,6,0.0,0.0,0,
24.2.2026,9:22:41.998,23350,10661,68.6,14653,17309,45.8,7.5,1.057,1.040,1.060,1.055,1.055,1.055,1.065,1.065,1.065,3510.5,3334.0,3413.8,3413.8,3413.8,3413.8,4267.3,3413.8,3413.8,99.8,720.8,1067.9,432.4,316.0,233.6,618.0,494.2,1955.6,873.2,324.7,245.0,1718.8,994.2,333.5,366.0,768.3,792.1,720.8,17.5,21.2,10.8,8.0,5.8,15.5,12.4,48.0,21.1,8.2,6.1,41.9,24.1,8.4,9.3,18.9,19.6,48.0,17.5,17.2,20.0,10.4,7.6,5.6,15.0,12.0,48.4,21.4,7.8,5.8,42.4,24.3,8.0,8.8,18.5,19.2,17.2,35.2,33.4,34.2,34.2,34.2,34.2,42.8,34.2,34.2,0.0,29.7,26.4,10.7,22.5,61.7,11.5,58.9,14.0,32.1,54.5,73.6,36.7,75.8,37.9,39.7,40.8,63.8,67.9,15.9,0.0,52.9,1.8,0.4,49.2,0.3,22.4,0.0,2315.6,23.20,40,39,39,77,116,384,1,95.5,95.0,84.8,85.3,87.9,88.4,88.6,88.0,94.9,85.3,91.0,83.7,83.0,90.0,1.016,1.067,0.650,10.530,4.957,10.563,81.351,0.264,20.972,1.727,1.648,0.802,1.564,3.142,0.861,2.931,1.076,1.788,10.795,5.334,16.300,20.781,0.000,1534.2,2287.0,4114.8,4172.2,15.1,58.1,26.2,32.9,59.4,100.0,20,�_,�_,�_,6.342,1.793,2.4,5300,5700,69.5,1.095,1.110,1.815,1.815,1.005,5.110,�_,�_,�_,62,62,55,99.0,100.0,�_,�_,9544,8054,0.5,1.5,1.9,0.008,3.178,143452,116469,85.6,2398.3,0.0,16.0,0.0,85.9,96.0,92.8,86.0,0.725,19.986,19.963,20.009,94.257,38.618,63.120,25.752,89.181,6.201,31.927,12.610,41.537,1620.0,2250.2,1575.0,1613.0,1605.0,99.0,19.0,0.0,8.0,60.8,19.6,98.0,0.0,0.0,0.0,0.0,�O,�_,�O,�_,�_,�_,�_,0,0,0,0,0,0,0,0,0,0,0,0,0,0,0,0,0,0,0,0,0,0,0,0,0,0,0,0,0,0,4809,7473,7196,435,16.0,16.988,60.093,84.0,0.000,5.9,39,8,1,24.1,39.3,44.7,35.7,35.5,35.5,35.5,39.2,43.2,36.5,36.5,36.5,36.5,25.44,27.99,22.35,22.15,28.15,28.15,25.41,0.01,25.20,0.24,0.85,62,6,0.0,0.0,0,
24.2.2026,9:22:44.005,23383,10627,68.7,14665,17297,45.8,7.5,1.054,1.040,1.075,1.055,1.055,1.055,1.050,1.050,1.050,3681.5,3294.1,3393.9,4167.5,4167.5,3334.0,4267.3,3413.8,3413.8,99.8,635.9,1026.0,345.3,228.1,194.5,611.5,384.1,1893.2,676.3,178.7,183.6,1618.6,894.5,265.9,331.6,702.1,639.9,635.9,15.7,21.2,9.2,6.3,5.4,15.9,10.0,45.7,16.4,5.0,5.1,39.1,21.7,7.2,8.9,17.5,15.8,45.7,15.7,15.1,19.7,8.2,5.4,4.6,14.9,9.3,46.8,16.5,4.2,4.3,39.9,21.9,6.4,7.9,16.9,15.3,15.1,36.9,33.0,34.0,41.8,41.8,33.4,42.8,34.2,34.2,0.0,26.6,25.1,8.2,21.1,56.2,6.7,55.1,12.1,28.2,56.5,74.9,39.7,71.3,43.5,39.5,44.3,66.8,71.8,17.0,0.0,52.3,7.7,0.2,54.1,0.6,21.3,0.0,2238.8,22.43,40,39,39,77,116,384,1,95.5,95.0,84.7,85.3,87.8,88.4,88.7,87.8,94.9,85.1,91.1,83.7,83.0,90.2,1.039,1.045,0.650,10.256,4.766,10.265,85.052,0.262,20.653,1.716,1.687,0.785,1.539,3.184,0.713,2.951,1.092,1.774,10.799,5.069,16.038,20.780,0.000,1473.9,2182.8,4185.3,4267.5,14.7,60.8,25.8,32.6,59.4,100.0,20,�_,�_,�_,5.651,1.633,2.1,5300,5700,69.5,1.095,1.110,1.800,1.815,1.005,5.110,�_,�_,�_,62,62,54,99.0,100.0,�_,�_,9544,8054,0.5,0.5,1.0,0.016,0.059,143452,116469,85.3,2319.8,0.0,16.0,0.0,85.5,96.0,92.4,86.0,0.715,19.992,19.971,20.013,89.826,39.484,62.553,23.885,86.758,6.201,30.053,20.792,46.143,1620.0,2250.2,1575.0,1618.6,1605.0,99.0,17.0,0.0,7.0,60.8,19.6,98.2,0.0,0.0,0.0,0.0,�O,�_,�O,�_,�_,�_,�_,0,0,0,0,0,0,0,0,0,0,0,0,0,0,0,0,0,0,0,0,0,0,0,0,0,0,0,0,0,0,4811,7471,7193,419,16.0,16.988,60.093,84.0,0.000,5.9,39,8,1,23.1,39.1,50.4,35.4,35.2,35.1,35.1,39.3,45.6,35.2,35.1,35.1,35.1,25.59,28.31,19.84,19.41,28.49,28.49,25.35,0.01,25.35,0.24,1.14,62,6,0.0,0.0,0,
24.2.2026,9:22:46.016,23391,10619,68.7,14687,17276,45.9,7.5,1.010,1.000,1.010,1.010,1.010,1.010,1.010,1.015,1.015,3502.4,3274.1,3294.1,3294.1,4117.6,3294.1,4117.6,3314.0,3314.0,99.8,779.8,1139.2,475.7,320.2,301.7,772.3,529.5,1869.4,1001.5,249.7,284.4,1794.4,1295.8,391.2,386.0,934.6,732.0,779.8,19.3,22.8,12.1,8.3,7.8,20.0,13.5,47.1,24.9,6.3,7.3,44.8,32.0,9.8,9.9,23.6,18.4,47.1,19.3,18.7,21.2,11.5,7.7,7.3,18.9,12.9,46.2,24.7,6.0,6.8,44.7,31.7,9.2,9.3,22.6,17.8,18.7,35.1,32.8,33.0,33.0,41.2,33.0,41.2,33.2,33.2,0.0,32.6,28.6,12.6,26.9,63.9,10.5,68.3,15.4,35.0,57.3,71.4,46.3,72.8,35.9,53.4,31.4,82.6,65.0,10.1,0.0,41.5,0.3,0.2,36.5,0.3,2.0,0.0,2393.2,23.97,40,39,39,77,116,384,1,95.4,95.0,84.9,85.4,88.1,88.5,88.8,88.2,94.9,85.5,91.7,84.0,83.1,89.9,0.991,1.088,0.650,11.052,5.174,11.006,77.410,0.262,21.528,1.738,1.600,0.890,1.607,2.898,0.839,3.134,1.194,1.744,10.995,5.631,16.796,20.780,0.000,1595.2,2392.3,4030.8,4067.7,15.7,55.3,26.9,32.5,59.4,100.0,20,�_,�_,�_,7.259,2.057,2.6,5300,5700,69.5,1.095,1.110,1.800,1.800,1.005,5.110,�_,�_,�_,62,62,54,99.0,100.0,�_,�_,9544,8054,0.5,0.5,1.0,0.008,0.034,143452,116469,85.3,2242.9,0.0,16.0,0.0,84.6,96.0,91.2,86.0,0.690,20.034,20.017,20.051,95.598,37.040,52.944,24.101,77.277,6.201,30.269,39.494,28.993,1545.0,2250.2,1500.0,1612.3,1515.0,99.0,18.0,0.0,13.0,60.9,19.8,99.2,0.0,0.0,0.0,0.0,�O,�_,�O,�_,�_,�_,�_,0,0,0,0,0,0,0,0,0,0,0,0,0,0,0,0,0,0,0,0,0,0,0,0,0,0,0,0,0,0,4799,7483,7205,447,16.0,16.987,60.093,84.0,0.000,5.9,41,8,1,24.2,41.0,47.7,36.9,36.6,36.6,36.6,40.9,43.4,38.9,38.8,38.8,38.8,24.41,27.11,20.92,20.83,27.36,27.36,24.49,0.01,24.13,0.28,1.24,62,6,0.0,0.0,0,
24.2.2026,9:22:48.027,23382,10629,68.7,14673,17289,45.9,7.5,1.006,1.040,1.000,1.000,1.000,1.000,1.000,1.005,1.005,3486.2,3967.8,3294.1,3294.1,3294.1,3294.1,4117.6,3314.0,3314.0,99.8,931.8,1277.4,630.9,453.7,446.9,872.9,627.6,1719.5,1367.0,928.0,504.3,1410.6,1704.2,520.8,546.8,964.8,932.9,931.8,23.4,25.6,16.2,11.6,11.4,22.6,16.0,43.7,35.2,24.9,13.1,35.4,42.8,13.3,14.0,24.7,23.5,43.7,23.4,21.9,23.3,14.7,10.4,10.2,20.8,14.6,42.0,33.5,22.8,11.7,34.4,41.8,11.9,12.5,23.0,22.2,21.9,34.9,39.8,33.0,33.0,33.0,33.0,41.2,33.2,33.2,0.0,37.8,32.3,16.2,29.7,68.1,29.7,68.1,19.6,38.5,54.7,67.7,51.8,70.3,31.6,44.4,31.6,78.4,61.5,7.6,0.0,32.3,0.0,0.3,26.0,0.3,1.9,0.0,2394.0,23.98,40,39,39,77,116,384,1,95.4,95.0,85.1,85.6,88.4,88.7,89.2,88.6,94.9,86.7,91.4,84.4,83.2,89.9,0.966,1.088,0.650,11.354,5.230,11.368,74.492,0.265,21.629,1.791,1.629,1.019,1.553,2.881,1.270,2.942,1.271,1.767,10.997,5.693,16.862,20.786,0.000,1595.8,2393.4,3933.4,3967.7,16.2,53.2,27.0,32.7,59.4,100.0,20,�_,�_,�_,8.000,2.310,3.0,5400,5700,69.5,1.095,1.110,1.800,1.800,0.990,5.110,�_,�_,�_,62,62,54,99.0,100.0,�_,�_,9544,8054,0.0,0.6,0.6,0.008,0.040,143452,116469,85.4,2397.5,0.0,16.0,0.0,85.6,96.0,92.1,86.0,0.685,20.018,20.000,20.037,93.429,35.117,56.192,24.000,80.447,6.201,30.160,11.879,36.937,1485.0,2250.2,1410.0,1600.6,1485.0,99.0,18.0,0.0,14.0,60.9,19.7,98.4,0.0,0.0,0.0,0.0,�O,�_,�O,�_,�_,�_,�_,0,0,0,0,0,0,0,0,0,0,0,0,0,0,0,0,0,0,0,0,0,0,0,0,0,0,0,0,0,0,4799,7483,7205,423,16.0,16.987,60.093,84.0,0.000,5.9,42,8,1,23.4,41.6,45.3,37.1,37.1,37.1,37.1,41.5,43.5,38.8,38.7,38.7,38.7,24.04,26.95,22.13,22.12,26.98,26.98,24.11,0.01,23.73,0.31,0.99,62,6,0.0,0.0,0,
24.2.2026,9:22:50.036,23374,10636,68.7,14667,17295,45.8,7.5,0.995,0.975,1.000,1.000,1.000,1.000,1.000,0.990,0.995,3819.4,3917.9,4017.8,4017.8,4017.8,4017.8,4017.8,3274.1,3274.1,99.8,821.8,1177.2,561.6,328.9,359.3,686.6,674.4,1449.1,1694.5,279.0,275.2,1139.8,1859.8,402.4,486.4,915.3,859.7,821.8,20.8,22.7,14.8,8.9,9.7,18.1,17.7,37.1,43.5,7.6,7.5,29.6,46.7,10.6,13.0,23.7,22.1,46.7,20.8,19.6,20.7,13.7,8.0,8.7,16.7,16.5,35.7,42.1,6.7,6.6,28.0,45.6,9.6,11.7,22.2,21.0,19.6,38.3,39.2,40.2,40.2,40.2,40.2,40.2,32.8,32.8,0.0,34.0,29.4,13.3,27.9,70.8,10.2,65.9,17.2,37.1,56.0,70.6,46.5,72.1,28.6,50.5,33.9,82.7,62.9,10.1,0.0,40.6,0.0,0.6,39.7,0.2,0.2,0.0,2395.7,24.00,40,39,39,77,116,384,1,95.4,95.0,84.8,85.4,87.9,88.2,88.8,87.8,94.9,85.3,91.1,83.9,83.0,89.6,0.970,1.089,0.650,10.944,5.206,10.973,74.867,0.268,21.236,1.678,1.542,0.871,1.483,3.011,0.771,2.855,1.190,1.696,10.648,5.667,16.490,20.791,0.000,1597.1,2395.7,3950.2,3983.4,15.7,53.5,26.5,32.8,59.4,100.0,20,�_,�_,�_,7.653,2.120,2.7,5300,5700,69.5,1.095,1.110,1.800,1.800,0.990,5.180,�_,�_,�_,62,62,54,99.0,100.0,�_,�_,9544,8054,0.4,0.9,1.4,0.008,0.080,143453,116469,85.6,2398.3,0.0,16.0,0.0,84.7,96.0,90.9,86.0,0.690,20.011,19.993,20.029,87.898,39.852,58.913,23.811,83.021,6.201,29.986,36.772,40.263,1500.0,2250.2,1440.0,1540.6,1515.0,99.0,17.0,0.0,15.0,60.9,19.5,97.7,0.0,0.0,0.0,0.0,�O,�_,�O,�_,�_,�_,�_,0,0,0,0,0,0,0,0,0,0,0,0,0,0,0,0,0,0,0,0,0,0,0,0,0,0,0,0,0,0,4796,7486,7208,423,16.0,16.988,60.093,84.0,0.000,5.9,40,8,1,24.8,40.4,43.7,36.9,36.7,36.7,36.7,40.4,42.5,37.5,37.0,37.0,37.0,24.77,27.12,22.90,22.74,27.24,27.24,24.77,0.01,24.49,0.28,0.90,62,6,0.0,0.1,0,
24.2.2026,9:22:52.046,23375,10635,68.7,14668,17294,45.8,7.5,0.937,0.955,0.960,0.960,0.925,0.925,0.925,0.925,0.925,3830.6,3893.0,3893.0,3893.0,3793.2,3793.2,3793.2,3793.2,3793.2,99.8,831.3,1222.7,594.2,377.2,367.9,689.8,634.5,1445.8,1685.1,301.1,308.4,1314.6,1715.5,464.6,450.5,943.3,784.8,831.3,20.8,23.5,15.2,9.8,9.5,17.9,16.4,36.5,43.2,7.8,8.0,33.3,43.5,11.9,11.7,24.1,19.8,43.5,20.8,19.9,21.8,14.5,9.2,8.9,16.8,15.5,35.4,42.1,7.3,7.5,32.5,43.1,11.1,11.0,22.9,19.1,19.9,38.4,39.0,39.0,39.0,38.0,38.0,38.0,38.0,38.0,0.0,34.2,30.6,14.5,26.4,69.6,11.5,67.3,17.7,35.8,55.9,69.4,44.6,73.6,30.0,51.3,32.3,81.9,64.2,10.0,0.0,41.2,0.0,0.4,37.4,0.4,0.4,0.0,2394.0,23.98,40,39,39,77,116,384,1,95.4,95.0,84.9,85.5,88.0,88.4,88.7,87.9,94.9,85.5,91.3,84.1,82.9,89.7,0.974,1.088,0.650,11.092,5.206,11.069,75.366,0.267,21.432,1.702,1.585,0.889,1.494,2.969,0.822,2.945,1.232,1.678,10.841,5.666,16.680,20.795,0.000,1595.8,2393.4,3962.8,3996.9,15.8,53.8,26.8,32.8,59.4,100.0,20,�_,�_,�_,7.798,2.129,2.7,5300,5700,69.5,1.095,1.110,1.800,1.800,0.990,5.180,�_,�_,�_,62,62,54,99.0,100.0,�_,�_,9544,8054,0.0,0.5,0.6,0.008,0.047,143453,116470,85.4,2400.0,0.0,16.0,0.0,85.8,96.0,92.4,86.0,0.725,19.977,19.956,19.999,87.055,42.264,65.859,24.506,90.694,6.201,30.661,32.637,45.292,1620.0,2250.2,1575.0,1504.0,1605.0,99.0,18.0,0.0,15.0,61.0,19.7,98.6,0.0,0.0,0.0,0.0,�O,�_,�O,�_,�_,�_,�_,0,0,0,0,0,0,0,0,0,0,0,0,0,0,0,0,0,0,0,0,0,0,0,0,0,0,0,0,0,0,4789,7493,7215,431,16.0,16.987,60.093,84.0,0.000,5.9,41,9,1,23.9,41.2,44.9,37.9,37.4,37.3,37.3,41.2,43.6,39.4,39.3,39.3,39.3,24.28,26.40,22.28,22.13,26.81,26.81,24.25,0.01,23.99,0.29,0.77,62,6,0.1,0.1,0,
24.2.2026,9:22:54.047,23378,10632,68.7,14674,17288,45.9,7.5,0.921,0.945,0.910,0.910,0.920,0.920,0.920,0.920,0.925,3799.4,3868.0,3768.2,3768.2,3793.2,3793.2,3793.2,3793.2,3818.1,99.8,847.6,1244.5,565.1,364.7,348.1,737.5,641.4,2130.6,1105.1,294.9,348.8,1694.5,1353.8,455.1,495.9,1008.0,774.0,847.6,21.5,25.0,14.9,9.9,9.4,19.3,16.9,55.3,28.2,8.0,9.4,43.1,34.2,12.0,13.1,26.0,19.9,55.3,21.5,20.3,22.9,13.7,8.8,8.4,18.0,15.6,53.1,27.2,7.1,8.4,42.0,33.1,10.8,11.8,24.5,18.8,20.3,38.1,38.8,37.8,37.8,38.0,38.0,38.0,38.0,38.2,0.0,34.8,31.2,13.7,27.7,72.6,12.5,66.0,18.2,36.3,55.9,68.8,46.2,72.3,27.3,53.6,33.6,81.5,63.7,9.4,0.0,40.4,0.0,0.2,34.2,0.4,0.3,0.0,2395.7,24.00,40,39,39,77,116,384,1,95.4,95.0,84.9,85.4,87.9,88.4,88.7,88.0,94.9,85.6,90.9,84.1,82.9,89.7,0.965,1.089,0.650,11.053,5.226,11.059,74.366,0.266,21.322,1.685,1.560,0.855,1.491,3.046,0.858,2.817,1.207,1.646,10.700,5.690,16.562,20.799,0.000,1597.1,2395.7,3930.8,3962.5,15.8,53.1,26.7,32.8,59.4,100.0,20,�_,�_,�_,7.986,2.147,2.8,5300,5700,69.8,1.095,1.110,1.800,1.800,0.990,5.180,�_,�_,�_,62,62,54,99.0,100.0,�_,�_,9544,8054,0.9,0.5,1.4,0.040,0.100,143453,116470,85.5,2398.3,0.0,16.0,0.0,85.1,96.0,91.6,86.0,0.685,20.025,20.009,20.042,89.739,41.144,54.325,24.091,78.643,6.201,30.249,59.540,34.956,1485.0,2250.2,1410.0,1621.0,1485.0,99.0,17.0,0.0,14.0,61.0,19.8,98.9,0.0,0.0,0.0,0.0,�O,�_,�O,�_,�_,�_,�_,0,0,0,0,0,0,0,0,0,0,0,0,0,0,0,0,0,0,0,0,0,0,0,0,0,0,0,0,0,0,4787,7495,7218,435,16.0,16.988,60.093,84.0,0.000,5.9,40,9,1,24.8,40.3,44.8,35.2,34.5,34.4,34.4,40.2,42.4,37.8,37.6,37.5,37.5,24.83,28.41,22.25,22.10,29.04,29.04,24.90,0.01,24.55,0.28,1.13,62,6,0.0,0.0,0,
24.2.2026,9:22:56.056,23383,10627,68.7,14660,17303,45.8,7.5,0.922,0.890,0.930,0.930,0.925,0.925,0.925,0.925,0.925,3755.7,3668.4,3768.2,3768.2,3768.2,3768.2,3768.2,3768.2,3768.2,99.8,984.5,1335.3,669.5,515.3,432.8,801.3,743.0,2068.4,1247.1,960.2,623.3,1714.3,1474.2,577.0,613.0,1122.7,854.6,984.5,24.9,26.1,17.2,13.3,11.0,20.7,19.1,53.6,31.7,26.2,16.3,44.0,37.3,14.9,15.8,29.0,21.8,53.6,24.9,23.2,23.9,15.7,12.0,9.9,19.0,17.6,51.0,30.3,23.6,14.7,42.2,35.8,13.5,14.3,27.0,20.3,23.2,37.6,36.8,37.8,37.8,37.8,37.8,37.8,37.8,37.8,0.0,39.9,33.9,17.8,29.8,72.7,34.0,68.7,22.5,40.0,52.3,66.1,49.0,70.2,27.0,38.2,31.0,77.3,60.0,7.8,0.0,33.4,0.0,0.3,28.0,0.3,0.2,0.0,2392.3,23.97,40,39,39,77,116,384,1,95.4,95.0,85.0,85.7,88.3,88.7,89.1,88.6,94.9,86.8,91.1,84.4,83.0,89.8,0.957,1.088,0.650,11.455,5.278,11.376,73.296,0.264,21.669,1.789,1.602,1.010,1.543,2.980,1.320,2.800,1.323,1.733,10.984,5.742,16.898,20.803,0.000,1594.5,2391.2,3894.2,3928.4,16.3,52.4,27.1,32.9,59.4,100.0,20,�_,�_,�_,8.197,2.342,3.2,5300,5700,69.5,1.095,1.110,1.800,1.800,0.990,5.180,�_,�_,�_,62,62,55,99.0,100.0,�_,�_,9544,8054,0.5,2.0,2.5,0.024,0.276,143453,116470,85.4,2400.0,0.0,16.0,0.0,86.5,96.0,93.5,86.0,0.725,19.971,19.949,19.992,86.016,43.595,65.439,24.597,90.346,6.201,30.753,43.027,44.802,1650.0,2250.2,1605.0,1543.6,1620.0,99.0,18.0,0.0,14.0,61.0,19.7,98.4,0.0,0.0,0.0,0.0,�O,�_,�O,�_,�_,�_,�_,0,0,0,0,0,0,0,0,0,0,0,0,0,0,0,0,0,0,0,0,0,0,0,0,0,0,0,0,0,0,4791,7491,7213,431,16.0,16.985,60.093,84.0,0.000,5.9,39,9,1,24.2,39.2,46.1,34.9,34.8,34.8,34.8,39.4,42.0,36.8,36.8,36.8,36.8,25.51,28.74,21.62,21.41,28.74,28.74,25.35,0.01,25.20,0.32,1.32,62,6,0.1,0.0,0,
24.2.2026,9:22:58.073,23482,10529,69.0,14710,17253,46.0,7.5,0.959,1.015,0.955,0.955,0.955,0.955,0.945,0.945,0.945,3868.0,3967.8,3868.0,3868.0,3868.0,3843.1,3843.1,3843.1,3843.1,99.8,892.3,1308.3,638.3,414.3,379.1,785.2,711.2,1939.1,1371.0,347.2,448.3,1398.5,1591.2,484.0,540.1,1035.6,885.0,892.3,22.4,25.6,16.3,10.6,9.6,20.0,18.8,49.9,35.2,8.7,11.5,35.8,41.0,12.8,13.6,27.0,22.3,49.9,22.4,21.3,23.6,15.6,10.1,9.2,19.1,17.4,48.2,33.9,8.4,10.9,34.5,39.2,11.5,13.1,25.2,21.5,21.3,38.8,39.8,38.8,38.8,38.8,38.5,38.5,38.5,38.5,0.0,36.7,33.0,15.7,30.3,73.8,16.2,64.9,20.0,39.9,52.0,67.0,43.7,68.7,26.0,38.1,34.8,77.4,59.9,11.4,0.0,40.8,1.0,0.2,46.0,0.3,2.6,0.2,2369.0,23.73,40,39,39,77,116,384,1,95.4,95.0,84.9,85.4,87.9,88.4,88.8,88.0,94.9,85.6,90.7,84.0,83.1,89.6,0.962,1.081,0.650,11.109,5.159,11.190,74.288,0.265,21.236,1.690,1.582,0.903,1.550,3.052,0.857,2.608,1.240,1.728,10.724,5.597,16.494,20.809,0.000,1581.7,2359.5,3910.5,3946.9,16.0,53.1,26.5,33.0,59.5,100.0,20,�_,�_,�_,7.887,2.279,2.9,5300,5700,69.8,1.095,1.110,1.800,1.800,0.990,5.180,�_,�_,�_,62,62,54,99.0,100.0,�_,�_,9544,8054,0.5,0.5,1.0,0.008,0.048,143453,116470,85.7,2396.7,0.0,16.0,0.0,86.1,96.0,93.2,86.0,0.740,19.981,19.959,20.003,89.182,40.777,66.855,24.909,92.113,6.201,31.079,20.312,43.971,1680.0,2250.2,1665.0,1571.9,1650.0,99.0,18.0,0.0,13.0,61.2,19.7,98.3,0.0,0.0,0.0,0.0,�O,�_,�O,�_,�_,�_,�_,0,0,0,0,0,0,0,0,0,0,0,0,0,0,0,0,0,0,0,0,0,0,0,0,0,0,0,0,0,0,4759,7523,7245,434,16.0,16.988,60.093,84.0,0.000,5.9,38,9,1,25.8,38.3,44.9,32.5,32.5,32.5,32.5,38.5,39.8,37.6,37.6,37.6,37.6,26.09,30.83,22.23,21.88,30.87,30.87,25.95,0.01,25.81,0.28,1.20,62,6,0.0,0.0,0,
24.2.2026,9:23:0.083,23590,10420,69.3,14786,17176,46.2,7.5,1.059,1.015,1.065,1.065,1.065,1.065,1.065,1.065,1.065,3931.7,4142.5,3413.8,4267.3,4267.3,3413.8,4267.3,3413.8,4267.3,99.8,773.2,1075.0,506.7,336.6,317.4,605.8,590.3,1183.2,1859.0,279.3,324.9,1155.6,1683.2,381.5,429.8,859.7,783.3,773.2,19.6,20.8,14.1,9.1,8.7,16.6,15.4,30.5,46.9,7.6,9.5,28.9,42.0,9.4,12.1,21.9,19.9,46.9,19.6,18.5,18.9,12.3,8.1,7.7,14.7,14.4,29.1,46.2,6.7,7.9,28.5,41.6,9.1,10.3,20.8,19.1,18.5,39.4,41.5,34.2,42.8,42.8,34.2,42.8,34.2,42.8,0.0,31.9,26.8,13.1,24.6,67.6,12.1,61.6,15.8,33.8,50.6,73.2,19.7,75.1,31.8,16.7,37.9,84.1,66.2,17.6,0.0,67.5,0.3,0.5,71.5,0.5,0.1,0.0,2327.4,23.32,40,39,39,77,116,384,1,95.5,95.0,84.7,85.2,87.7,88.1,88.2,87.6,94.8,85.0,91.0,84.0,82.9,89.6,0.994,1.070,0.650,10.522,5.031,10.544,78.063,0.264,20.806,1.652,1.539,0.677,1.489,3.072,0.648,2.894,1.218,1.678,10.532,5.423,16.126,20.810,0.000,1545.2,2303.0,4036.0,4074.5,15.1,55.8,26.0,32.8,59.5,100.0,20,�_,�_,�_,6.686,1.986,2.6,5300,5700,69.8,1.095,1.110,1.800,1.800,1.005,5.180,�_,�_,�_,62,62,55,99.0,100.0,�_,�_,9544,8054,0.0,1.0,1.0,0.000,0.085,143453,116471,85.4,2373.3,0.0,16.0,0.0,85.2,96.0,91.6,86.0,0.735,20.014,19.996,20.033,85.822,41.719,57.809,24.835,82.918,6.201,31.015,50.061,39.197,1605.0,2250.2,1545.0,1669.0,1590.0,99.0,18.0,0.0,10.0,61.8,19.2,95.9,0.0,0.0,0.0,0.0,�O,�_,�O,�_,�_,�_,�_,0,0,0,0,0,0,0,0,0,0,0,0,0,0,0,0,0,0,0,0,0,0,0,0,0,0,0,0,0,0,4695,7587,7309,434,16.0,16.988,60.093,84.0,0.000,5.9,37,9,1,26.6,37.2,43.8,33.5,33.5,33.5,33.5,37.1,41.0,32.4,32.0,32.0,32.0,26.91,29.90,22.81,22.75,30.01,30.01,26.95,0.01,26.65,0.26,1.40,62,6,0.0,0.0,0,
Date,Time,"提交虛擬記憶體 [MB]","可用虛擬記憶體 [MB]","虛擬記憶體使用率 [%]","已用物理記憶體 [MB]","可用物理記憶體 [MB]","物理記憶體使用率 [%]","分頁檔使用率 [%]","Core VIDs (avg) [V]","Core 0 VID [V]","Core 1 VID [V]","Core 2 VID [V]","Core 3 VID [V]","Core 4 VID [V]","Core 5 VID [V]","Core 6 VID [V]","Core 7 VID [V]","核心頻率 (avg) [MHz]","Core 0 頻率 (perf #4) [MHz]","Core 1 頻率 (perf #6) [MHz]","Core 2 頻率 (perf #3) [MHz]","Core 3 頻率 (perf #1) [MHz]","Core 4 頻率 (perf #7) [MHz]","Core 5 頻率 (perf #1) [MHz]","Core 6 頻率 (perf #5) [MHz]","Core 7 頻率 (perf #2) [MHz]","匯流排頻率 [MHz]","核心有效頻率 (avg) [MHz]","Core 0 T0 有效頻率 [MHz]","Core 0 T1 有效頻率 [MHz]","Core 1 T0 有效頻率 [MHz]","Core 1 T1 有效頻率 [MHz]","Core 2 T0 有效頻率 [MHz]","Core 2 T1 有效頻率 [MHz]","Core 3 T0 有效頻率 [MHz]","Core 3 T1 有效頻率 [MHz]","Core 4 T0 有效頻率 [MHz]","Core 4 T1 有效頻率 [MHz]","Core 5 T0 有效頻率 [MHz]","Core 5 T1 有效頻率 [MHz]","Core 6 T0 有效頻率 [MHz]","Core 6 T1 有效頻率 [MHz]","Core 7 T0 有效頻率 [MHz]","Core 7 T1 有效頻率 [MHz]","平均有效頻率 [MHz]","核心使用率 (avg) [%]","Core 0 T0 使用率 [%]","Core 0 T1 使用率 [%]","Core 1 T0 使用率 [%]","Core 1 T1 使用率 [%]","Core 2 T0 使用率 [%]","Core 2 T1 使用率 [%]","Core 3 T0 使用率 [%]","Core 3 T1 使用率 [%]","Core 4 T0 使用率 [%]","Core 4 T1 使用率 [%]","Core 5 T0 使用率 [%]","Core 5 T1 使用率 [%]","Core 6 T0 使用率 [%]","Core 6 T1 使用率 [%]","Core 7 T0 使用率 [%]","Core 7 T1 使用率 [%]","最大CPU/執行緒使用率 [%]","CPU 總使用率 [%]","核心使用率 (avg) [%]","Core 0 T0 使用率 [%]","Core 0 T1 使用率 [%]","Core 1 T0 使用率 [%]","Core 1 T1 使用率 [%]","Core 2 T0 使用率 [%]","Core 2 T1 使用率 [%]","Core 3 T0 使用率 [%]","Core 3 T1 使用率 [%]","Core 4 T0 使用率 [%]","Core 4 T1 使用率 [%]","Core 5 T0 使用率 [%]","Core 5 T1 使用率 [%]","Core 6 T0 使用率 [%]","Core 6 T1 使用率 [%]","Core 7 T0 使用率 [%]","Core 7 T1 使用率 [%]","CPU 總使用率 [%]","核心倍頻 (avg) [x]","Core 0 倍頻 [x]","Core 1 倍頻 [x]","Core 2 倍頻 [x]","Core 3 倍頻 [x]","Core 4 倍頻 [x]","Core 5 倍頻 [x]","Core 6 倍頻 [x]","Core 7 倍頻 [x]","Package C6 駐留率 [%]","Core C0 駐留率 (avg) [%]","Core 0 C0 駐留率 [%]","Core 1 C0 駐留率 [%]","Core 2 C0 駐留率 [%]","Core 3 C0 駐留率 [%]","Core 4 C0 駐留率 [%]","Core 5 C0 駐留率 [%]","Core 6 C0 駐留率 [%]","Core 7 C0 駐留率 [%]","Core C1 駐留率 (avg) [%]","Core 0 C1 駐留率 [%]","Core 1 C1 駐留率 [%]","Core 2 C1 駐留率 [%]","Core 3 C1 駐留率 [%]","Core 4 C1 駐留率 [%]","Core 5 C1 駐留率 [%]","Core 6 C1 駐留率 [%]","Core 7 C1 駐留率 [%]","Core C6 駐留率 (avg) [%]","Core 0 C6 駐留率 [%]","Core 1 C6 駐留率 [%]","Core 2 C6 駐留率 [%]","Core 3 C6 駐留率 [%]","Core 4 C6 駐留率 [%]","Core 5 C6 駐留率 [%]","Core 6 C6 駐留率 [%]","Core 7 C6 駐留率 [%]","記憶體頻率 [MHz]","記憶體倍頻 [x]","Tcas [T]","Trcd [T]","Trp [T]","Tras [T]","Trc [T]","Trfc [T]","Command Rate [T]","CPU (Tctl/Tdie) [℃]","CPU 核心 [℃]","CPU SOC [℃]","APU GFX [℃]","核心溫度 (avg) [℃]","Core0 [℃]","Core1 [℃]","Core2 [℃]","Core3 [℃]","Core4 [℃]","Core5 [℃]","Core6 [℃]","Core7 [℃]","L3 快取 [℃]","CPU VDDCR_VDD 電壓 (SVI3 TFN) [V]","CPU VDDCR_SOC 電壓 (SVI3 TFN) [V]","CPU VDDCR_SR 電壓 (SVI3 TFN) [V]","CPU 核心電流 (SVI3 TFN) [A]","SoC 電流 (SVI3 TFN) [A]","CPU TDC [A]","CPU EDC [A]","SR 電流 (SVI3 TFN) [A]","CPU 封裝功率 [W]","核心功率 (avg) [W]","Core 0 功率 [W]","Core 1 功率 [W]","Core 2 功率 [W]","Core 3 功率 [W]","Core 4 功率 [W]","Core 5 功率 [W]","Core 6 功率 [W]","Core 7 功率 [W]","CPU 核心功率 (SVI3 TFN) [W]","CPU SoC 功率 (SVI3 TFN) [W]","Core+SoC+SR 功率 (SVI3 TFN) [W]","APU STAPM [W]","系統總功率 [W]","Infinity Fabric 頻率 (FCLK) [MHz]","記憶體控制器頻率 (UCLK) [MHz]","L3 快取 [MHz]","頻率限制 - 全局 [MHz]","CPU TDC 限制 [%]","CPU EDC 限制 [%]","CPU PPT FAST Limit [%]","CPU PPT SLOW Limit [%]","APU STAPM Limit [%]","Thermal Limit [%]","Energy Performance Preference [%]","過熱降頻 (HTC) [Yes/No]","過熱降頻 (PROCHOT CPU) [Yes/No]","過熱降頻 (PROCHOT EXT) [Yes/No]","DRAM 讀取頻寬 [GB/s]","DRAM 寫入頻寬 [GB/s]","活動核心的平均數 []","CPU [RPM]","GPU [RPM]","SPD Hub 溫度 [℃]","VDD (SWA) 電壓 [V]","VDDQ (SWB) 電壓 [V]","VPP (SWC) 電壓 [V]","1.8V VOUT 電壓 [V]","1.0V VOUT 電壓 [V]","VIN 電壓 [V]","PMIC 高溫 [Yes/No]","PMIC 過壓 [Yes/No]","PMIC 欠壓 [Yes/No]","磁碟溫度 [℃]","磁碟溫度 2 [℃]","磁碟溫度 3 [℃]","磁碟剩餘壽命 [%]","磁碟可用備用 [%]","磁碟故障 [Yes/No]","磁碟警告 [Yes/No]","主機寫入總計 [GB]","主機讀取總計 [GB]","讀取活動率 [%]","寫入活動率 [%]","總活動率 [%]","讀取速率 [MB/s]","寫入速率 [MB/s]","讀取總計 [MB]","寫入總計 [MB]","GPU 溫度 [℃]","顯示記憶體頻率 [MHz]","GPU 使用率 [%]","PCIe 連結速度 [GT/s]","影格率 [FPS]","GPU 溫度 [℃]","顯示記憶體接面溫度 [℃]","GPU 熱點溫度 [℃]","GPU 過熱限制 [℃]","GPU 核心電壓 [V]","GPU 線路電壓 (avg) [V]","GPU FBVDD 輸入電壓 [V]","GPU 12VHPWR 電壓 [V]","GPU 功率 [W]","GPU 線路功率 (avg) [W]","GPU Core (NVVDD) 輸入功率 (總和) [W]","GPU FBVDD 輸入功率 [W]","GPU 12VHPWR 功率 [W]","GPU PCIe +3.3V 輸入功率 (估計) [W]","GPU 輸入 PP 源 功率 (總和) [W]","GPU Core (NVVDD) 輸出功率 [W]","GPU Core (NVVDD) 輸出功率 [W]","GPU 頻率 [MHz]","顯示記憶體頻率 [MHz]","GPU 視訊頻率 [MHz]","GPU 有效頻率 [MHz]","GPU Crossbar 頻率 [MHz]","GPU 核心使用率 [%]","顯示記憶體控制器使用率 [%]","GPU 視訊引擎使用率 [%]","GPU 匯流排使用率 [%]","顯示記憶體使用 [%]","GPU D3D 使用率 (avg) [%]","GPU D3D 使用率 [%]","GPU Video Decode 0 使用率 [%]","GPU Video Encode 0 使用率 [%]","GPU Video Encode 1 使用率 [%]","GPU VR 使用率 [%]","GPU 效能限制 (avg) [Yes/No]","效能限制 - 功率 [Yes/No]","效能限制 - 過熱 [Yes/No]","效能限制 - 可靠性電壓 [Yes/No]","效能限制 - 最大作業電壓 [Yes/No]","效能限制 - 使用率 [Yes/No]","效能限制 - SLI GPUBoost Sync [Yes/No]","PCI Express Error Counters (avg) []","Receiver Errors []","Replay Count []","Replay Rollover Count []","Bad DLLP Count []","Bad TLP Count []","LCRC Error Count []","NAKs Sent Count []","NAKs Received Count []","Recovery Count []","Correctable Error Count []","Non-Fatal Error Count []","Fatal Error Count []","Unsupported Request Count []","PCIe Lane 0 Errors []","PCIe Lane 1 Errors []","PCIe Lane 2 Errors []","PCIe Lane 3 Errors []","PCIe Lane 4 Errors []","PCIe Lane 5 Errors []","PCIe Lane 6 Errors []","PCIe Lane 7 Errors []","PCIe Lane 8 Errors []","PCIe Lane 9 Errors []","PCIe Lane 10 Errors []","PCIe Lane 11 Errors []","PCIe Lane 12 Errors []","PCIe Lane 13 Errors []","PCIe Lane 14 Errors []","PCIe Lane 15 Errors []","可用顯示記憶體 [MB]","分配顯示記憶體 [MB]","GPU D3D 專用顯示記憶體 [MB]","GPU D3D 共用顯示記憶體 [MB]","PCIe 連結速度 [GT/s]","電池電壓 [V]","剩餘容量 [Wh]","電池電量 [%]","充電速率 [W]","損耗程度 [%]","影格率 [FPS]","1% 低影格率 [FPS]","0.1% 低影格率 [FPS]","影格時間 [ms]","呈現影格率 (avg) [FPS]","呈現影格率 (99%) [FPS]","呈現影格率 (1%) [FPS]","呈現影格率 (0.1%) [FPS]","呈現影格率 (1% low) [FPS]","呈現影格率 (0.1% low) [FPS]","顯示影格率 (avg) [FPS]","顯示影格率 (99%) [FPS]","顯示影格率 (1%) [FPS]","顯示影格率 (0.1%) [FPS]","顯示影格率 (1% low) [FPS]","顯示影格率 (0.1% low) [FPS]","Frame Time Presented (avg) [ms]","Frame Time Presented (99%) [ms]","Frame Time Presented (1%) [ms]","Frame Time Presented (0.1%) [ms]","Frame Time Displayed (1% high) [ms]","Frame Time Displayed (0.1% high) [ms]","GPU Busy (avg) [ms]","GPU Wait (avg) [ms]","CPU Busy (avg) [ms]","CPU Wait (avg) [ms]","Animation Error (avg) [ms]","下載總計 [MB]","上傳總計 [MB]","目前下載速率 [KB/s]","目前上傳速率 [KB/s]","錯誤總數 []",
,,系統: ASUS ROG Zephyrus G14 GA402XZ_GA402XZ,系統: ASUS ROG Zephyrus G14 GA402XZ_GA402XZ,系統: ASUS ROG Zephyrus G14 GA402XZ_GA402XZ,系統: ASUS ROG Zephyrus G14 GA402XZ_GA402XZ,系統: ASUS ROG Zephyrus G14 GA402XZ_GA402XZ,系統: ASUS ROG Zephyrus G14 GA402XZ_GA402XZ,系統: ASUS ROG Zephyrus G14 GA402XZ_GA402XZ,CPU [#0]: AMD Ryzen 9 7940HS,CPU [#0]: AMD Ryzen 9 7940HS,CPU [#0]: AMD Ryzen 9 7940HS,CPU [#0]: AMD Ryzen 9 7940HS,CPU [#0]: AMD Ryzen 9 7940HS,CPU [#0]: AMD Ryzen 9 7940HS,CPU [#0]: AMD Ryzen 9 7940HS,CPU [#0]: AMD Ryzen 9 7940HS,CPU [#0]: AMD Ryzen 9 7940HS,CPU [#0]: AMD Ryzen 9 7940HS,CPU [#0]: AMD Ryzen 9 7940HS,CPU [#0]: AMD Ryzen 9 7940HS,CPU [#0]: AMD Ryzen 9 7940HS,CPU [#0]: AMD Ryzen 9 7940HS,CPU [#0]: AMD Ryzen 9 7940HS,CPU [#0]: AMD Ryzen 9 7940HS,CPU [#0]: AMD Ryzen 9 7940HS,CPU [#0]: AMD Ryzen 9 7940HS,CPU [#0]: AMD Ryzen 9 7940HS,CPU [#0]: AMD Ryzen 9 7940HS,CPU [#0]: AMD Ryzen 9 7940HS,CPU [#0]: AMD Ryzen 9 7940HS,CPU [#0]: AMD Ryzen 9 7940HS,CPU [#0]: AMD Ryzen 9 7940HS,CPU [#0]: AMD Ryzen 9 7940HS,CPU [#0]: AMD Ryzen 9 7940HS,CPU [#0]: AMD Ryzen 9 7940HS,CPU [#0]: AMD Ryzen 9 7940HS,CPU [#0]: AMD Ryzen 9 7940HS,CPU [#0]: AMD Ryzen 9 7940HS,CPU [#0]: AMD Ryzen 9 7940HS,CPU [#0]: AMD Ryzen 9 7940HS,CPU [#0]: AMD Ryzen 9 7940HS,CPU [#0]: AMD Ryzen 9 7940HS,CPU [#0]: AMD Ryzen 9 7940HS,CPU [#0]: AMD Ryzen 9 7940HS,CPU [#0]: AMD Ryzen 9 7940HS,CPU [#0]: AMD Ryzen 9 7940HS,CPU [#0]: AMD Ryzen 9 7940HS,CPU [#0]: AMD Ryzen 9 7940HS,CPU [#0]: AMD Ryzen 9 7940HS,CPU [#0]: AMD Ryzen 9 7940HS,CPU [#0]: AMD Ryzen 9 7940HS,CPU [#0]: AMD Ryzen 9 7940HS,CPU [#0]: AMD Ryzen 9 7940HS,CPU [#0]: AMD Ryzen 9 7940HS,CPU [#0]: AMD Ryzen 9 7940HS,CPU [#0]: AMD Ryzen 9 7940HS,CPU [#0]: AMD Ryzen 9 7940HS,CPU [#0]: AMD Ryzen 9 7940HS,CPU [#0]: AMD Ryzen 9 7940HS,CPU [#0]: AMD Ryzen 9 7940HS,CPU [#0]: AMD Ryzen 9 7940HS,CPU [#0]: AMD Ryzen 9 7940HS,CPU [#0]: AMD Ryzen 9 7940HS,CPU [#0]: AMD Ryzen 9 7940HS,CPU [#0]: AMD Ryzen 9 7940HS,CPU [#0]: AMD Ryzen 9 7940HS,CPU [#0]: AMD Ryzen 9 7940HS,CPU [#0]: AMD Ryzen 9 7940HS,CPU [#0]: AMD Ryzen 9 7940HS,CPU [#0]: AMD Ryzen 9 7940HS,CPU [#0]: AMD Ryzen 9 7940HS,CPU [#0]: AMD Ryzen 9 7940HS,CPU [#0]: AMD Ryzen 9 7940HS,CPU [#0]: AMD Ryzen 9 7940HS,CPU [#0]: AMD Ryzen 9 7940HS,CPU [#0]: AMD Ryzen 9 7940HS,CPU [#0]: AMD Ryzen 9 7940HS,CPU [#0]: AMD Ryzen 9 7940HS,CPU [#0]: AMD Ryzen 9 7940HS,CPU [#0]: AMD Ryzen 9 7940HS,CPU [#0]: AMD Ryzen 9 7940HS,CPU [#0]: AMD Ryzen 9 7940HS,CPU [#0]: AMD Ryzen 9 7940HS,CPU [#0]: AMD Ryzen 9 7940HS,CPU [#0]: AMD Ryzen 9 7940HS,CPU [#0]: AMD Ryzen 9 7940HS,CPU [#0]: AMD Ryzen 9 7940HS,CPU [#0]: AMD Ryzen 9 7940HS,CPU [#0]: AMD Ryzen 9 7940HS,CPU [#0]: AMD Ryzen 9 7940HS,CPU [#0]: AMD Ryzen 9 7940HS,CPU [#0]: AMD Ryzen 9 7940HS: C-State 駐留率,CPU [#0]: AMD Ryzen 9 7940HS: C-State 駐留率,CPU [#0]: AMD Ryzen 9 7940HS: C-State 駐留率,CPU [#0]: AMD Ryzen 9 7940HS: C-State 駐留率,CPU [#0]: AMD Ryzen 9 7940HS: C-State 駐留率,CPU [#0]: AMD Ryzen 9 7940HS: C-State 駐留率,CPU [#0]: AMD Ryzen 9 7940HS: C-State 駐留率,CPU [#0]: AMD Ryzen 9 7940HS: C-State 駐留率,CPU [#0]: AMD Ryzen 9 7940HS: C-State 駐留率,CPU [#0]: AMD Ryzen 9 7940HS: C-State 駐留率,CPU [#0]: AMD Ryzen 9 7940HS: C-State 駐留率,CPU [#0]: AMD Ryzen 9 7940HS: C-State 駐留率,CPU [#0]: AMD Ryzen 9 7940HS: C-State 駐留率,CPU [#0]: AMD Ryzen 9 7940HS: C-State 駐留率,CPU [#0]: AMD Ryzen 9 7940HS: C-State 駐留率,CPU [#0]: AMD Ryzen 9 7940HS: C-State 駐留率,CPU [#0]: AMD Ryzen 9 7940HS: C-State 駐留率,CPU [#0]: AMD Ryzen 9 7940HS: C-State 駐留率,CPU [#0]: AMD Ryzen 9 7940HS: C-State 駐留率,CPU [#0]: AMD Ryzen 9 7940HS: C-State 駐留率,CPU [#0]: AMD Ryzen 9 7940HS: C-State 駐留率,CPU [#0]: AMD Ryzen 9 7940HS: C-State 駐留率,CPU [#0]: AMD Ryzen 9 7940HS: C-State 駐留率,CPU [#0]: AMD Ryzen 9 7940HS: C-State 駐留率,CPU [#0]: AMD Ryzen 9 7940HS: C-State 駐留率,CPU [#0]: AMD Ryzen 9 7940HS: C-State 駐留率,CPU [#0]: AMD Ryzen 9 7940HS: C-State 駐留率,CPU [#0]: AMD Ryzen 9 7940HS: C-State 駐留率,記憶體時序,記憶體時序,記憶體時序,記憶體時序,記憶體時序,記憶體時序,記憶體時序,記憶體時序,記憶體時序,CPU [#0]: AMD Ryzen 9 7940HS: Enhanced,CPU [#0]: AMD Ryzen 9 7940HS: Enhanced,CPU [#0]: AMD Ryzen 9 7940HS: Enhanced,CPU [#0]: AMD Ryzen 9 7940HS: Enhanced,CPU [#0]: AMD Ryzen 9 7940HS: Enhanced,CPU [#0]: AMD Ryzen 9 7940HS: Enhanced,CPU [#0]: AMD Ryzen 9 7940HS: Enhanced,CPU [#0]: AMD Ryzen 9 7940HS: Enhanced,CPU [#0]: AMD Ryzen 9 7940HS: Enhanced,CPU [#0]: AMD Ryzen 9 7940HS: Enhanced,CPU [#0]: AMD Ryzen 9 7940HS: Enhanced,CPU [#0]: AMD Ryzen 9 7940HS: Enhanced,CPU [#0]: AMD Ryzen 9 7940HS: Enhanced,CPU [#0]: AMD Ryzen 9 7940HS: Enhanced,CPU [#0]: AMD Ryzen 9 7940HS: Enhanced,CPU [#0]: AMD Ryzen 9 7940HS: Enhanced,CPU [#0]: AMD Ryzen 9 7940HS: Enhanced,CPU [#0]: AMD Ryzen 9 7940HS: Enhanced,CPU [#0]: AMD Ryzen 9 7940HS: Enhanced,CPU [#0]: AMD Ryzen 9 7940HS: Enhanced,CPU [#0]: AMD Ryzen 9 7940HS: Enhanced,CPU [#0]: AMD Ryzen 9 7940HS: Enhanced,CPU [#0]: AMD Ryzen 9 7940HS: Enhanced,CPU [#0]: AMD Ryzen 9 7940HS: Enhanced,CPU [#0]: AMD Ryzen 9 7940HS: Enhanced,CPU [#0]: AMD Ryzen 9 7940HS: Enhanced,CPU [#0]: AMD Ryzen 9 7940HS: Enhanced,CPU [#0]: AMD Ryzen 9 7940HS: Enhanced,CPU [#0]: AMD Ryzen 9 7940HS: Enhanced,CPU [#0]: AMD Ryzen 9 7940HS: Enhanced,CPU [#0]: AMD Ryzen 9 7940HS: Enhanced,CPU [#0]: AMD Ryzen 9 7940HS: Enhanced,CPU [#0]: AMD Ryzen 9 7940HS: Enhanced,CPU [#0]: AMD Ryzen 9 7940HS: Enhanced,CPU [#0]: AMD Ryzen 9 7940HS: Enhanced,CPU [#0]: AMD Ryzen 9 7940HS: Enhanced,CPU [#0]: AMD Ryzen 9 7940HS: Enhanced,CPU [#0]: AMD Ryzen 9 7940HS: Enhanced,CPU [#0]: AMD Ryzen 9 7940HS: Enhanced,CPU [#0]: AMD Ryzen 9 7940HS: Enhanced,CPU [#0]: AMD Ryzen 9 7940HS: Enhanced,CPU [#0]: AMD Ryzen 9 7940HS: Enhanced,CPU [#0]: AMD Ryzen 9 7940HS: Enhanced,CPU [#0]: AMD Ryzen 9 7940HS: Enhanced,CPU [#0]: AMD Ryzen 9 7940HS: Enhanced,CPU [#0]: AMD Ryzen 9 7940HS: Enhanced,CPU [#0]: AMD Ryzen 9 7940HS: Enhanced,CPU [#0]: AMD Ryzen 9 7940HS: Enhanced,CPU [#0]: AMD Ryzen 9 7940HS: Enhanced,CPU [#0]: AMD Ryzen 9 7940HS: Enhanced,CPU [#0]: AMD Ryzen 9 7940HS: Enhanced,CPU [#0]: AMD Ryzen 9 7940HS: Enhanced,CPU [#0]: AMD Ryzen 9 7940HS: Enhanced,CPU [#0]: AMD Ryzen 9 7940HS: Enhanced,ASUS NB EC: ASUS ROG Zephyrus G14 GA402XZ_GA402XZ,ASUS NB EC: ASUS ROG Zephyrus G14 GA402XZ_GA402XZ,DDR5 DIMM [#1]: Crucial Technology CT16G56C46S5.M8G1 (P0 CHANNEL B/DIMM 0),DDR5 DIMM [#1]: Crucial Technology CT16G56C46S5.M8G1 (P0 CHANNEL B/DIMM 0),DDR5 DIMM [#1]: Crucial Technology CT16G56C46S5.M8G1 (P0 CHANNEL B/DIMM 0),DDR5 DIMM [#1]: Crucial Technology CT16G56C46S5.M8G1 (P0 CHANNEL B/DIMM 0),DDR5 DIMM [#1]: Crucial Technology CT16G56C46S5.M8G1 (P0 CHANNEL B/DIMM 0),DDR5 DIMM [#1]: Crucial Technology CT16G56C46S5.M8G1 (P0 CHANNEL B/DIMM 0),DDR5 DIMM [#1]: Crucial Technology CT16G56C46S5.M8G1 (P0 CHANNEL B/DIMM 0),DDR5 DIMM [#1]: Crucial Technology CT16G56C46S5.M8G1 (P0 CHANNEL B/DIMM 0),DDR5 DIMM [#1]: Crucial Technology CT16G56C46S5.M8G1 (P0 CHANNEL B/DIMM 0),DDR5 DIMM [#1]: Crucial Technology CT16G56C46S5.M8G1 (P0 CHANNEL B/DIMM 0),S.M.A.R.T.: SAMSUNG MZVL21T0HCLR-00BTW (S6W6NA0W706391) [C:],S.M.A.R.T.: SAMSUNG MZVL21T0HCLR-00BTW (S6W6NA0W706391) [C:],S.M.A.R.T.: SAMSUNG MZVL21T0HCLR-00BTW (S6W6NA0W706391) [C:],S.M.A.R.T.: SAMSUNG MZVL21T0HCLR-00BTW (S6W6NA0W706391) [C:],S.M.A.R.T.: SAMSUNG MZVL21T0HCLR-00BTW (S6W6NA0W706391) [C:],S.M.A.R.T.: SAMSUNG MZVL21T0HCLR-00BTW (S6W6NA0W706391) [C:],S.M.A.R.T.: SAMSUNG MZVL21T0HCLR-00BTW (S6W6NA0W706391) [C:],S.M.A.R.T.: SAMSUNG MZVL21T0HCLR-00BTW (S6W6NA0W706391) [C:],S.M.A.R.T.: SAMSUNG MZVL21T0HCLR-00BTW (S6W6NA0W706391) [C:],Drive: SAMSUNG MZVL21T0HCLR-00BTW (S6W6NA0W706391) [C:],Drive: SAMSUNG MZVL21T0HCLR-00BTW (S6W6NA0W706391) [C:],Drive: SAMSUNG MZVL21T0HCLR-00BTW (S6W6NA0W706391) [C:],Drive: SAMSUNG MZVL21T0HCLR-00BTW (S6W6NA0W706391) [C:],Drive: SAMSUNG MZVL21T0HCLR-00BTW (S6W6NA0W706391) [C:],Drive: SAMSUNG MZVL21T0HCLR-00BTW (S6W6NA0W706391) [C:],Drive: SAMSUNG MZVL21T0HCLR-00BTW (S6W6NA0W706391) [C:],GPU [#1]: AMD Radeon 780M,GPU [#1]: AMD Radeon 780M,GPU [#1]: AMD Radeon 780M,GPU [#1]: AMD Radeon 780M,GPU [#1]: AMD Radeon 780M,GPU [#0]: NVIDIA GeForce RTX 4080 Laptop,GPU [#0]: NVIDIA GeForce RTX 4080 Laptop,GPU [#0]: NVIDIA GeForce RTX 4080 Laptop,GPU [#0]: NVIDIA GeForce RTX 4080 Laptop,GPU [#0]: NVIDIA GeForce RTX 4080 Laptop,GPU [#0]: NVIDIA GeForce RTX 4080 Laptop,GPU [#0]: NVIDIA GeForce RTX 4080 Laptop,GPU [#0]: NVIDIA GeForce RTX 4080 Laptop,GPU [#0]: NVIDIA GeForce RTX 4080 Laptop,GPU [#0]: NVIDIA GeForce RTX 4080 Laptop,GPU [#0]: NVIDIA GeForce RTX 4080 Laptop,GPU [#0]: NVIDIA GeForce RTX 4080 Laptop,GPU [#0]: NVIDIA GeForce RTX 4080 Laptop,GPU [#0]: NVIDIA GeForce RTX 4080 Laptop,GPU [#0]: NVIDIA GeForce RTX 4080 Laptop,GPU [#0]: NVIDIA GeForce RTX 4080 Laptop,GPU [#0]: NVIDIA GeForce RTX 4080 Laptop,GPU [#0]: NVIDIA GeForce RTX 4080 Laptop,GPU [#0]: NVIDIA GeForce RTX 4080 Laptop,GPU [#0]: NVIDIA GeForce RTX 4080 Laptop,GPU [#0]: NVIDIA GeForce RTX 4080 Laptop,GPU [#0]: NVIDIA GeForce RTX 4080 Laptop,GPU [#0]: NVIDIA GeForce RTX 4080 Laptop,GPU [#0]: NVIDIA GeForce RTX 4080 Laptop,GPU [#0]: NVIDIA GeForce RTX 4080 Laptop,GPU [#0]: NVIDIA GeForce RTX 4080 Laptop,GPU [#0]: NVIDIA GeForce RTX 4080 Laptop,GPU [#0]: NVIDIA GeForce RTX 4080 Laptop,GPU [#0]: NVIDIA GeForce RTX 4080 Laptop,GPU [#0]: NVIDIA GeForce RTX 4080 Laptop,GPU [#0]: NVIDIA GeForce RTX 4080 Laptop,GPU [#0]: NVIDIA GeForce RTX 4080 Laptop,GPU [#0]: NVIDIA GeForce RTX 4080 Laptop,GPU [#0]: NVIDIA GeForce RTX 4080 Laptop,GPU [#0]: NVIDIA GeForce RTX 4080 Laptop,GPU [#0]: NVIDIA GeForce RTX 4080 Laptop,GPU [#0]: NVIDIA GeForce RTX 4080 Laptop,GPU [#0]: NVIDIA GeForce RTX 4080 Laptop,GPU [#0]: NVIDIA GeForce RTX 4080 Laptop,GPU [#0]: NVIDIA GeForce RTX 4080 Laptop,GPU [#0]: NVIDIA GeForce RTX 4080 Laptop,GPU [#0]: NVIDIA GeForce RTX 4080 Laptop,GPU [#0]: NVIDIA GeForce RTX 4080 Laptop,GPU [#0]: NVIDIA GeForce RTX 4080 Laptop,GPU [#0]: NVIDIA GeForce RTX 4080 Laptop,GPU [#0]: NVIDIA GeForce RTX 4080 Laptop,GPU [#0]: NVIDIA GeForce RTX 4080 Laptop,GPU [#0]: NVIDIA GeForce RTX 4080 Laptop,GPU [#0]: NVIDIA GeForce RTX 4080 Laptop,GPU [#0]: NVIDIA GeForce RTX 4080 Laptop,GPU [#0]: NVIDIA GeForce RTX 4080 Laptop,GPU [#0]: NVIDIA GeForce RTX 4080 Laptop,GPU [#0]: NVIDIA GeForce RTX 4080 Laptop,GPU [#0]: NVIDIA GeForce RTX 4080 Laptop,GPU [#0]: NVIDIA GeForce RTX 4080 Laptop,GPU [#0]: NVIDIA GeForce RTX 4080 Laptop,GPU [#0]: NVIDIA GeForce RTX 4080 Laptop,GPU [#0]: NVIDIA GeForce RTX 4080 Laptop,GPU [#0]: NVIDIA GeForce RTX 4080 Laptop,GPU [#0]: NVIDIA GeForce RTX 4080 Laptop,GPU [#0]: NVIDIA GeForce RTX 4080 Laptop,GPU [#0]: NVIDIA GeForce RTX 4080 Laptop,GPU [#0]: NVIDIA GeForce RTX 4080 Laptop,GPU [#0]: NVIDIA GeForce RTX 4080 Laptop,GPU [#0]: NVIDIA GeForce RTX 4080 Laptop,GPU [#0]: NVIDIA GeForce RTX 4080 Laptop,GPU [#0]: NVIDIA GeForce RTX 4080 Laptop,GPU [#0]: NVIDIA GeForce RTX 4080 Laptop,GPU [#0]: NVIDIA GeForce RTX 4080 Laptop,GPU [#0]: NVIDIA GeForce RTX 4080 Laptop,GPU [#0]: NVIDIA GeForce RTX 4080 Laptop,GPU [#0]: NVIDIA GeForce RTX 4080 Laptop,GPU [#0]: NVIDIA GeForce RTX 4080 Laptop,GPU [#0]: NVIDIA GeForce RTX 4080 Laptop,GPU [#0]: NVIDIA GeForce RTX 4080 Laptop,Battery: AS3FYCe3KC GA40249,Battery: AS3FYCe3KC GA40249,Battery: AS3FYCe3KC GA40249,Battery: AS3FYCe3KC GA40249,Battery: AS3FYCe3KC GA40249,RTSS,RTSS,RTSS,RTSS,PresentMon [SHProto-Win64-Shipping.exe],PresentMon [SHProto-Win64-Shipping.exe],PresentMon [SHProto-Win64-Shipping.exe],PresentMon [SHProto-Win64-Shipping.exe],PresentMon [SHProto-Win64-Shipping.exe],PresentMon [SHProto-Win64-Shipping.exe],PresentMon [SHProto-Win64-Shipping.exe],PresentMon [SHProto-Win64-Shipping.exe],PresentMon [SHProto-Win64-Shipping.exe],PresentMon [SHProto-Win64-Shipping.exe],PresentMon [SHProto-Win64-Shipping.exe],PresentMon [SHProto-Win64-Shipping.exe],PresentMon [SHProto-Win64-Shipping.exe],PresentMon [SHProto-Win64-Shipping.exe],PresentMon [SHProto-Win64-Shipping.exe],PresentMon [SHProto-Win64-Shipping.exe],PresentMon [SHProto-Win64-Shipping.exe],PresentMon [SHProto-Win64-Shipping.exe],PresentMon [SHProto-Win64-Shipping.exe],PresentMon [SHProto-Win64-Shipping.exe],PresentMon [SHProto-Win64-Shipping.exe],PresentMon [SHProto-Win64-Shipping.exe],PresentMon [SHProto-Win64-Shipping.exe],網路: MediaTek Wi-Fi 6E MT7922 (RZ616) 160MHz Wireless LAN Card - Wi-Fi,網路: MediaTek Wi-Fi 6E MT7922 (RZ616) 160MHz Wireless LAN Card - Wi-Fi,網路: MediaTek Wi-Fi 6E MT7922 (RZ616) 160MHz Wireless LAN Card - Wi-Fi,網路: MediaTek Wi-Fi 6E MT7922 (RZ616) 160MHz Wireless LAN Card - Wi-Fi,Windows Hardware Errors (WHEA),
